0 0.74140625 0.16875 0.0203125 0.02890625
0 0.82265625 0.21796875 0.03203125 0.03046875
0 0.68046875 0.2203125 0.03515625 0.04375
0 0.825 0.24453125 0.03203125 0.0359375
0 0.8140625 0.27890625 0.04453125 0.03671875
0 0.64375 0.27890625 0.05703125 0.065625
1 0.69609375 0.28515625 0.0234375 0.078125
0 0.8140625 0.33125 0.06796875 0.08203125
1 0.734375 0.31484375 0.021875 0.09296875
1 0.62421875 0.33671875 0.025 0.0890625
1 0.53984375 0.403125 0.03671875 0.109375
0 0.803125 0.45859375 0.08828125 0.175
1 0.5046875 0.503125 0.04453125 0.15390625
1 0.43359375 0.52421875 0.05078125 0.16796875
0 0.6109375 0.575 0.18046875 0.2515625\n