0 0.53046875 0.125 0.04453125 0.03828125
0 0.60390625 0.1328125 0.04921875 0.03203125
0 0.625 0.19453125 0.06484375 0.053125
0 0.0921875 0.2078125 0.11875 0.05234375
1 0.23671875 0.20625 0.03203125 0.05078125
0 0.3125 0.21484375 0.0859375 0.059375
1 0.18125 0.21796875 0.0328125 0.046875
0 0.65390625 0.25625 0.09609375 0.0765625
1 0.55078125 0.25390625 0.03125 0.05546875
3 0.44375 0.27265625 0.1484375 0.18125
1 0.16796875 0.29609375 0.0328125 0.06640625
1 0.60390625 0.4109375 0.05234375 0.10390625
0 0.740625 0.453125 0.1671875 0.16015625
1 0.06953125 0.52109375 0.06796875 0.140625
1 0.6546875 0.578125 0.06640625 0.15078125
0 0.42421875 0.678125 0.26796875 0.33125
1 0.109375 0.71328125 0.10390625 0.19375
1 0.14609375 0.84453125 0.12421875 0.215625\n