0 0.74140625 0.16875 0.02109375 0.02890625
0 0.8234375 0.2078125 0.028125 0.03046875
0 0.82421875 0.23828125 0.03359375 0.03359375
1 0.75234375 0.275 0.01640625 0.07578125
0 0.81328125 0.33125 0.06640625 0.0796875
1 0.7390625 0.346875 0.0265625 0.11328125
0 0.803125 0.44609375 0.08984375 0.1484375
1 0.71328125 0.43359375 0.03828125 0.153125
1 0.6609375 0.47109375 0.0375 0.15546875
1 0.5265625 0.49375 0.05 0.165625
0 0.76953125 0.64921875 0.13515625 0.29140625
1 0.41171875 0.6265625 0.06796875 0.19296875
1 0.5359375 0.76953125 0.07578125 0.275\n