1 0.89765625 0.153125 0.05625 0.0671875
1 0.8421875 0.1953125 0.06640625 0.0875
1 0.5265625 0.21875 0.04765625 0.065625
0 0.73203125 0.0234375 0.07734375 0.046875
1 0.31328125 0.21640625 0.05625 0.096875
0 0.62890625 0.23828125 0.18828125 0.1375
1 0.36328125 0.240625 0.059375 0.09921875
0 0.9234375 0.278125 0.15078125 0.1765625
1 0.4546875 0.26875 0.059375 0.1015625
1 0.1625 0.2734375 0.05625 0.1
1 0.30390625 0.32734375 0.059375 0.11796875
1 0.59375 0.321875 0.05703125 0.128125
1 0.3578125 0.36015625 0.06484375 0.12890625
1 0.065625 0.37265625 0.06640625 0.13203125
1 0.22890625 0.415625 0.06953125 0.14609375
1 0.6984375 0.4421875 0.0859375 0.16328125
1 0.85703125 0.05078125 0.028125 0.046875
1 0.0703125 0.5796875 0.090625 0.19765625
0 0.26953125 0.6609375 0.38046875 0.29921875
1 0.715625 0.7640625 0.1390625 0.24765625
1 0.9046875 0.08125 0.0328125 0.05703125
0 0.68984375 0.08828125 0.1140625 0.08671875\n