0 0.6328125 0.1671875 0.04609375 0.053125
0 0.534375 0.2140625 0.053125 0.0515625
0 0.43046875 0.23125 0.084375 0.09765625
1 0.5796875 0.2375 0.0234375 0.05859375
1 0.340625 0.25546875 0.034375 0.06640625
0 0.58359375 0.32578125 0.07734375 0.0890625
1 0.31640625 0.33671875 0.03125 0.0734375
0 0.69140625 0.3515625 0.10078125 0.12421875
1 0.415625 0.34140625 0.04296875 0.08515625
1 0.49921875 0.36171875 0.03671875 0.0796875
1 0.259375 0.35546875 0.03984375 0.0859375
1 0.15859375 0.4171875 0.03828125 0.09453125
1 0.1078125 0.41953125 0.04453125 0.09921875
1 0.6265625 0.44296875 0.0484375 0.10546875
1 0.6578125 0.5453125 0.0640625 0.13671875
0 0.121875 0.6875 0.24296875 0.26953125
1 0.49609375 0.79921875 0.06953125 0.21015625
0 0.5 0.1390625 0.03828125 0.0296875
0 0.5453125 0.15625 0.034375 0.03671875\n