0 0.74609375 0.21015625 0.02734375 0.02578125
0 0.82421875 0.2171875 0.0296875 0.0296875
0 0.6796875 0.2203125 0.034375 0.04453125
0 0.82421875 0.24453125 0.03359375 0.0359375
0 0.64453125 0.278125 0.05546875 0.071875
0 0.7328125 0.31171875 0.07109375 0.1
0 0.81484375 0.33125 0.06953125 0.08125
1 0.725 0.396875 0.028125 0.1203125
0 0.803125 0.4609375 0.0890625 0.16953125
1 0.55078125 0.49140625 0.04375 0.15859375
1 0.68828125 0.5140625 0.04453125 0.18046875
1 0.4265625 0.56640625 0.05625 0.18046875
1 0.20703125 0.753125 0.084375 0.2203125\n