1 0.603125 0.37734375 0.03359375 0.040625
1 0.74921875 0.4109375 0.03203125 0.04609375
0 0.9765625 0.48046875 0.04609375 0.06796875
1 0.28203125 0.4796875 0.06875 0.0703125
1 0.3515625 0.50859375 0.07421875 0.08046875
1 0.40234375 0.53515625 0.08203125 0.0953125
1 0.4953125 0.5375 0.0703125 0.08984375
1 0.17734375 0.5609375 0.1046875 0.0984375
0 0.9375 0.5765625 0.12265625 0.11875
1 0.04921875 0.58671875 0.09296875 0.10625
1 0.8171875 0.64296875 0.0734375 0.10234375
1 0.61953125 0.6390625 0.0734375 0.1140625
1 0.39375 0.6765625 0.09609375 0.1265625
1 0.6859375 0.7015625 0.08125 0.13046875
1 0.2 0.75859375 0.1484375 0.16484375
1 0.4 0.76875 0.12265625 0.1625
0 0.784375 0.85625 0.29765625 0.2875
1 0.51484375 0.85390625 0.115625 0.175
0 0.1671875 0.92890625 0.32734375 0.14140625\n