0 0.7609375 0.30546875 0.0515625 0.04140625
1 0.77734375 0.38046875 0.021875 0.04921875
0 0.34765625 0.38671875 0.09921875 0.059375
3 0.596875 0.38984375 0.1484375 0.1734375
1 0.71328125 0.41953125 0.03125 0.06953125
1 0.4109375 0.41640625 0.03515625 0.065625
1 0.47265625 0.41640625 0.03046875 0.06875
1 0.8671875 0.4453125 0.0328125 0.08515625
1 0.71953125 0.48984375 0.034375 0.09921875
1 0.315625 0.5515625 0.05 0.10703125
0 0.91796875 0.58515625 0.15546875 0.165625
1 0.43125 0.5625 0.04609375 0.1171875
1 0.76171875 0.57734375 0.0453125 0.1046875
1 0.7015625 0.57890625 0.05078125 0.11796875
1 0.50546875 0.6546875 0.06171875 0.14921875
1 0.796875 0.73046875 0.06640625 0.159375
1 0.10234375 0.77265625 0.0953125 0.18046875
1 0.58515625 0.78828125 0.07421875 0.1546875
1 0.2703125 0.8515625 0.10625 0.209375
1 0.7421875 0.89921875 0.07421875 0.19375
1 0.3828125 0.9265625 0.0953125 0.1421875
1 0.584375 0.91796875 0.0890625 0.1609375\n