0 0.37109375 0.14140625 0.059375 0.05078125
1 0.0984375 0.14140625 0.025 0.04453125
2 0.81171875 0.28203125 0.15078125 0.14921875
1 0.115625 0.2875 0.0515625 0.084375
0 0.53671875 0.03125 0.0265625 0.02265625
3 0.45703125 0.0453125 0.04453125 0.040625
3 0.63125 0.45 0.38046875 0.4109375
0 0.16484375 0.05390625 0.03828125 0.03359375
0 0.2625 0.06484375 0.034375 0.0171875
1 0.35546875 0.0734375 0.01328125 0.02265625
0 0.8421875 0.0734375 0.03125 0.0171875
2 0.1734375 0.73359375 0.3125 0.42890625
1 0.04140625 0.12265625 0.021875 0.0375\n