0 0.74140625 0.16875 0.02265625 0.03046875
0 0.82265625 0.20625 0.0296875 0.02421875
0 0.7953125 0.21953125 0.03046875 0.04296875
0 0.82578125 0.253125 0.03671875 0.06171875
0 0.81484375 0.32890625 0.06953125 0.0765625
1 0.62421875 0.384375 0.0328125 0.12421875
1 0.57734375 0.39375 0.03359375 0.13203125
0 0.803125 0.44140625 0.090625 0.15390625
1 0.484375 0.5265625 0.04921875 0.18515625
0 0.76875 0.653125 0.134375 0.28984375
1 0.346875 0.63828125 0.07578125 0.203125
1 0.52109375 0.821875 0.08984375 0.28671875\n