0 0.61875 0.3109375 0.01796875 0.0171875
0 0.6015625 0.36484375 0.034375 0.02734375
1 0.43359375 0.41875 0.0234375 0.03671875
0 0.565625 0.44296875 0.0609375 0.03984375
1 0.21171875 0.453125 0.0265625 0.04765625
2 0.76328125 0.48515625 0.1765625 0.17109375
1 0.15234375 0.48125 0.03203125 0.0546875
1 0.4296875 0.4875 0.0328125 0.05234375
1 0.0875 0.5328125 0.04296875 0.07578125
1 0.0328125 0.5953125 0.04296875 0.08515625
1 0.08046875 0.6421875 0.046875 0.09609375
0 0.7046875 0.75234375 0.18828125 0.1515625\n