0 0.90859375 0.1328125 0.10234375 0.0765625
0 0.646875 0.01640625 0.07578125 0.0296875
1 0.75390625 0.19765625 0.0515625 0.1046875
0 0.928125 0.240625 0.140625 0.1609375
0 0.6671875 0.25859375 0.15546875 0.134375
0 0.50390625 0.0265625 0.0875 0.05234375
0 0.87109375 0.0328125 0.06953125 0.05546875
0 0.12578125 0.3859375 0.24765625 0.23828125
1 0.66953125 0.40625 0.0765625 0.16015625
1 0.46171875 0.05546875 0.034375 0.04609375
1 0.79765625 0.07734375 0.03203125 0.06328125
1 0.85625 0.09765625 0.04921875 0.0734375
1 0.321875 0.08671875 0.04296875 0.08671875
0 0.7078125 0.11171875 0.10546875 0.0765625\n