0 0.6796875 0.16953125 0.0578125 0.05625
1 0.79140625 0.15703125 0.0265625 0.06328125
1 0.5921875 0.17109375 0.025 0.06015625
1 0.55390625 0.203125 0.0296875 0.0640625
1 0.76015625 0.22265625 0.03671875 0.07890625
1 0.45859375 0.23515625 0.034375 0.07265625
0 0.50078125 0.2671875 0.09765625 0.0890625
1 0.25703125 0.303125 0.03828125 0.0828125
1 0.6234375 0.30078125 0.03359375 0.0859375
1 0.3296875 0.3546875 0.0515625 0.096875
1 0.7875 0.3859375 0.053125 0.109375
1 0.6546875 0.38359375 0.0390625 0.1109375
1 0.578125 0.41015625 0.04140625 0.12890625
1 0.4359375 0.43828125 0.0484375 0.12109375
1 0.715625 0.43984375 0.05390625 0.1265625
1 0.1140625 0.475 0.07265625 0.13828125
0 0.2109375 0.58359375 0.21328125 0.21328125
1 0.37734375 0.615625 0.06640625 0.17109375
1 0.6375 0.62265625 0.07421875 0.184375
0 0.759375 0.0765625 0.03671875 0.021875
1 0.7140625 0.109375 0.01796875 0.03828125
1 0.5109375 0.13125 0.025 0.05\n