0 0.80859375 0.29453125 0.06328125 0.096875
0 0.27890625 0.309375 0.11875 0.13046875
0 0.06484375 0.3140625 0.1265625 0.20078125
0 0.17734375 0.321875 0.12734375 0.14921875
1 0.54296875 0.33125 0.028125 0.10703125
1 0.4671875 0.33671875 0.04296875 0.1234375
1 0.378125 0.3359375 0.04375 0.12421875
1 0.69375 0.39453125 0.02734375 0.10703125
0 0.81171875 0.42109375 0.08359375 0.146875
1 0.0359375 0.4359375 0.0671875 0.19375
1 0.5984375 0.4375 0.03984375 0.15390625
1 0.48671875 0.4578125 0.0671875 0.17109375
1 0.503125 0.69921875 0.07421875 0.265625
1 0.12265625 0.70078125 0.13046875 0.3453125\n