1 0.609375 0.4171875 0.04765625 0.046875
0 0.96796875 0.4625 0.0625 0.05546875
1 0.340625 0.4609375 0.053125 0.065625
1 0.375 0.49765625 0.0875 0.090625
1 0.41328125 0.5390625 0.0625 0.07578125
1 0.71953125 0.5265625 0.053125 0.0921875
1 0.1125 0.53046875 0.090625 0.0921875
1 0.58671875 0.53671875 0.0609375 0.0796875
1 0.8109375 0.56484375 0.04609375 0.0859375
1 0.26953125 0.578125 0.0859375 0.11171875
1 0.44453125 0.61171875 0.06796875 0.10390625
1 0.61328125 0.696875 0.07265625 0.12265625
1 0.08984375 0.72734375 0.15390625 0.1671875
0 0.8671875 0.7421875 0.2296875 0.26015625
1 0.3546875 0.7546875 0.11875 0.1453125
1 0.471875 0.753125 0.12265625 0.15234375
1 0.51484375 0.8421875 0.13203125 0.18984375\n