0 0.74140625 0.16875 0.02265625 0.0296875
0 0.8234375 0.20859375 0.0296875 0.02890625
0 0.74765625 0.21796875 0.03671875 0.05546875
0 0.6390625 0.28515625 0.07734375 0.06796875
0 0.81328125 0.30546875 0.05703125 0.1
1 0.7109375 0.29375 0.0234375 0.08046875
1 0.66328125 0.32890625 0.03515625 0.0984375
1 0.559375 0.42109375 0.04296875 0.1296875
0 0.80234375 0.440625 0.0921875 0.14453125
1 0.6203125 0.4375 0.03671875 0.13046875
0 0.39921875 0.63828125 0.22109375 0.30703125
0 0.76796875 0.653125 0.134375 0.29296875\n