0 0.73515625 0.24453125 0.034375 0.028125
0 0.703125 0.25859375 0.034375 0.03984375
0 0.81015625 0.29453125 0.06015625 0.1
0 0.609375 0.29921875 0.0640625 0.08984375
0 0.3265625 0.3140625 0.0890625 0.1265625
0 0.06640625 0.31953125 0.12890625 0.23125
0 0.18125 0.32421875 0.12890625 0.153125
1 0.678125 0.3390625 0.02421875 0.09296875
1 0.70390625 0.35859375 0.0265625 0.10625
0 0.81484375 0.4 0.06953125 0.12421875
1 0.6671875 0.44140625 0.03671875 0.14296875
0 0.31640625 0.51171875 0.20546875 0.24140625
1 0.5140625 0.5640625 0.06953125 0.215625\n