0 0.425 0.16953125 0.04921875 0.04921875
0 0.60234375 0.171875 0.0515625 0.0578125
0 0.46484375 0.2234375 0.06640625 0.06953125
0 0.6625 0.24609375 0.0921875 0.0859375
0 0.34296875 0.26328125 0.07421875 0.07265625
1 0.23359375 0.28359375 0.0234375 0.07421875
1 0.63359375 0.325 0.03984375 0.07734375
0 0.36640625 0.396875 0.12421875 0.13359375
0 0.76796875 0.4140625 0.15078125 0.13359375
1 0.65546875 0.415625 0.0453125 0.1125
0 0.5921875 0.59140625 0.18046875 0.24296875
1 0.76796875 0.62890625 0.06796875 0.175
1 0.890625 0.7125 0.090625 0.19453125
0 0.56328125 0.11484375 0.03125 0.028125
3 0.41875 0.11640625 0.05625 0.07265625\n