0 0.77734375 0.4171875 0.034375 0.03828125
0 0.7046875 0.42421875 0.034375 0.0328125
2 0.85546875 0.42734375 0.04921875 0.06796875
0 0.69453125 0.4609375 0.053125 0.04765625
0 0.878125 0.4921875 0.06640625 0.0578125
1 0.58203125 0.4984375 0.021875 0.0546875
1 0.859375 0.60234375 0.03671875 0.0796875
1 0.77421875 0.6359375 0.04296875 0.0953125
0 0.31171875 0.6453125 0.24765625 0.23828125
0 0.47109375 0.7171875 0.16171875 0.165625
0 0.8203125 0.76171875 0.1375 0.1765625
0 0.9734375 0.89453125 0.0515625 0.21015625\n