0 0.74140625 0.16953125 0.0203125 0.0296875
0 0.68125 0.21875 0.0375 0.046875
0 0.82265625 0.21953125 0.03125 0.02890625
0 0.82109375 0.25546875 0.03984375 0.04921875
2 0.70546875 0.3109375 0.08203125 0.14453125
1 0.6296875 0.31796875 0.03125 0.0890625
0 0.815625 0.33125 0.0703125 0.0859375
1 0.5375 0.40546875 0.0359375 0.1296875
1 0.64453125 0.4203125 0.03046875 0.140625
0 0.80390625 0.46015625 0.08984375 0.17421875
1 0.6890625 0.4859375 0.04375 0.15859375
1 0.2546875 0.73515625 0.09375 0.19296875
0 0.1734375 0.91171875 0.25625 0.17421875\n