0 0.79375 0.171875 0.02109375 0.0234375
0 0.75234375 0.17890625 0.03671875 0.0359375
0 0.71015625 0.21796875 0.03046875 0.03828125
0 0.8234375 0.23203125 0.03125 0.03046875
1 0.69296875 0.26484375 0.01875 0.06328125
0 0.81484375 0.3109375 0.06015625 0.09921875
1 0.6671875 0.31328125 0.02421875 0.08125
0 0.72890625 0.3375 0.07421875 0.10390625
0 0.80390625 0.44296875 0.0875 0.146875
1 0.70390625 0.48125 0.04140625 0.17109375
1 0.57265625 0.6140625 0.06171875 0.21015625
0 0.77109375 0.65234375 0.13359375 0.29296875\n