0 0.86640625 0.4234375 0.028125 0.0234375
0 0.7953125 0.44921875 0.04296875 0.03671875
0 0.975 0.45625 0.03828125 0.03671875
3 0.72734375 0.5703125 0.1671875 0.20625
1 0.5390625 0.56015625 0.0296875 0.0703125
1 0.89140625 0.5796875 0.0328125 0.0765625
1 0.46015625 0.63359375 0.04453125 0.08359375
1 0.55078125 0.6421875 0.046875 0.09609375
0 0.9171875 0.74765625 0.140625 0.19375
1 0.3046875 0.73125 0.06484375 0.12109375
1 0.64921875 0.8140625 0.0703125 0.16015625
1 0.20078125 0.85078125 0.10546875 0.18984375\n