0 0.6484375 0.1375 0.06796875 0.04609375
1 0.30703125 0.1421875 0.03671875 0.05
1 0.25390625 0.153125 0.0296875 0.0515625
0 0.80859375 0.18125 0.0828125 0.06171875
1 0.3703125 0.22265625 0.03515625 0.0609375
1 0.4890625 0.23125 0.04140625 0.07578125
1 0.02578125 0.28515625 0.04453125 0.08828125
1 0.40234375 0.28828125 0.04921875 0.084375
1 0.2765625 0.29921875 0.04921875 0.0859375
0 0.55625 0.03828125 0.03828125 0.01953125
0 0.5390625 0.584375 0.18046875 0.23203125
1 0.4125 0.09921875 0.021875 0.03828125
1 0.365625 0.1015625 0.0265625 0.0421875\n