0 0.8109375 0.29609375 0.0609375 0.096875
0 0.2796875 0.309375 0.12109375 0.13203125
0 0.065625 0.32109375 0.128125 0.21796875
0 0.17734375 0.321875 0.13046875 0.1484375
1 0.5953125 0.29921875 0.0265625 0.0890625
1 0.66875 0.32578125 0.02421875 0.096875
0 0.41484375 0.34296875 0.08359375 0.13359375
1 0.73125 0.34375 0.01953125 0.08671875
1 0.64375 0.3515625 0.02109375 0.0984375
0 0.81484375 0.40078125 0.06796875 0.11953125
0 0.3171875 0.5265625 0.2359375 0.2703125
1 0.315625 0.71796875 0.11640625 0.33359375\n