1 0.19375 0.134375 0.03359375 0.05625
1 0.4328125 0.14921875 0.0375 0.05859375
0 0.08359375 0.18125 0.1203125 0.09765625
1 0.18203125 0.221875 0.06484375 0.08984375
1 0.58984375 0.29609375 0.05625 0.10859375
2 0.34296875 0.33125 0.2 0.26015625
1 0.46015625 0.309375 0.0640625 0.1328125
1 0.5359375 0.36484375 0.06640625 0.11875
1 0.69296875 0.36484375 0.075 0.10078125
0 0.753125 0.5109375 0.27109375 0.203125
1 0.0578125 0.515625 0.096875 0.18125
0 0.1421875 0.05859375 0.059375 0.04453125
0 0.3421875 0.64375 0.30078125 0.3140625
0 0.3453125 0.07421875 0.0796875 0.05703125
1 0.21171875 0.078125 0.02890625 0.0515625
1 0.10703125 0.0953125 0.0296875 0.0578125
1 0.0375 0.09921875 0.03515625 0.05
0 0.309375 0.12265625 0.0796875 0.05859375\n