0 0.74140625 0.16796875 0.02265625 0.02890625
0 0.82421875 0.20859375 0.02890625 0.02890625
0 0.82421875 0.24140625 0.03515625 0.03125
0 0.68828125 0.24296875 0.03828125 0.03828125
1 0.66640625 0.30546875 0.025 0.0796875
0 0.8140625 0.32109375 0.05859375 0.06640625
1 0.68984375 0.31171875 0.02265625 0.0953125
1 0.7421875 0.35078125 0.02578125 0.096875
0 0.609375 0.35390625 0.07578125 0.10546875
0 0.80390625 0.44296875 0.08984375 0.14609375
0 0.5328125 0.5015625 0.16953125 0.2296875
0 0.76875 0.6515625 0.13359375 0.29296875\n