0 0.60625 0.2078125 0.0546875 0.02890625
0 0.5953125 0.2484375 0.06484375 0.040625
1 0.76328125 0.30234375 0.03203125 0.05625
0 0.43125 0.30859375 0.0875 0.06484375
0 0.6078125 0.31328125 0.10234375 0.0828125
1 0.21328125 0.321875 0.03359375 0.05859375
1 0.28984375 0.3609375 0.03984375 0.071875
1 0.37578125 0.36484375 0.03828125 0.07109375
1 0.10625 0.3734375 0.0453125 0.0734375
1 0.759375 0.3875 0.05078125 0.08125
0 0.5609375 0.4015625 0.13203125 0.090625
1 0.1875 0.38984375 0.04453125 0.07578125
1 0.2328125 0.40234375 0.03828125 0.084375
1 0.13828125 0.434375 0.05234375 0.08125
1 0.4265625 0.446875 0.05546875 0.09765625
1 0.346875 0.45078125 0.05625 0.090625
0 0.9203125 0.4875 0.15546875 0.1640625
0 0.1828125 0.52578125 0.203125 0.1328125
1 0.5765625 0.5578125 0.08203125 0.13359375
1 0.659375 0.6390625 0.0890625 0.1328125
0 0.32421875 0.76015625 0.30078125 0.2953125
1 0.6953125 0.75703125 0.09609375 0.19140625
1 0.95625 0.80234375 0.0875 0.215625\n