0 0.70234375 0.12734375 0.034375 0.02734375
0 0.6546875 0.1390625 0.04140625 0.03203125
0 0.68046875 0.15234375 0.0546875 0.034375
1 0.5421875 0.2140625 0.02890625 0.04765625
0 0.8921875 0.2703125 0.10078125 0.05859375
1 0.27578125 0.2796875 0.046875 0.06484375
0 0.80078125 0.3609375 0.13203125 0.0859375
1 0.16796875 0.37265625 0.053125 0.0828125
1 0.23046875 0.43671875 0.05703125 0.1
1 0.66171875 0.44296875 0.0671875 0.1
1 0.05703125 0.61796875 0.08203125 0.15703125
0 0.63046875 0.06796875 0.0234375 0.01875
2 0.2765625 0.11484375 0.0609375 0.05546875
1 0.51953125 0.12265625 0.01328125 0.02265625\n