0 0.08984375 0.2 0.07109375 0.03671875
0 0.375 0.24375 0.0796875 0.0875
1 0.30078125 0.24609375 0.021875 0.04765625
0 0.07734375 0.29765625 0.15078125 0.18046875
1 0.21171875 0.32734375 0.0453125 0.08984375
0 0.4765625 0.36015625 0.10078125 0.1109375
1 0.2515625 0.36875 0.03828125 0.1125
1 0.05703125 0.44453125 0.04296875 0.1171875
1 0.31484375 0.4453125 0.03828125 0.1171875
1 0.16171875 0.4546875 0.05390625 0.1171875
0 0.57578125 0.6421875 0.2265625 0.315625
1 0.14375 0.62890625 0.06171875 0.17890625
0 0.340625 0.14609375 0.034375 0.03125\n