0 0.74140625 0.16796875 0.02109375 0.028125
0 0.8234375 0.20859375 0.02734375 0.02890625
0 0.82421875 0.23828125 0.0328125 0.03203125
0 0.81328125 0.33125 0.0671875 0.078125
1 0.7328125 0.3265625 0.0234375 0.0953125
1 0.6046875 0.390625 0.03671875 0.1265625
0 0.803125 0.44375 0.09140625 0.14921875
1 0.65390625 0.45546875 0.03828125 0.1359375
1 0.69921875 0.45703125 0.03671875 0.13984375
1 0.525 0.4828125 0.04375 0.15859375
0 0.76875 0.65078125 0.1359375 0.29296875
1 0.665625 0.61875 0.05234375 0.2234375
1 0.57734375 0.7390625 0.0609375 0.23828125\n