1 0.57734375 0.14453125 0.02890625 0.0546875
1 0.69375 0.1625 0.03671875 0.03359375
1 0.63046875 0.15859375 0.0328125 0.06484375
0 0.8953125 0.1984375 0.0921875 0.06953125
1 0.5578125 0.203125 0.03515625 0.06953125
0 0.67578125 0.21875 0.1171875 0.07421875
1 0.4546875 0.20546875 0.03828125 0.07265625
1 0.50078125 0.2390625 0.04140625 0.05859375
1 0.96328125 0.24296875 0.03984375 0.08125
1 0.78125 0.275 0.0546875 0.09140625
1 0.66484375 0.2875 0.05 0.0890625
1 0.296875 0.30703125 0.03828125 0.05078125
1 0.45390625 0.30546875 0.04765625 0.103125
1 0.596875 0.31640625 0.05234375 0.10234375
1 0.35859375 0.3234375 0.05390625 0.10703125
1 0.9515625 0.3484375 0.05703125 0.109375
1 0.24921875 0.35859375 0.05703125 0.11328125
1 0.51875 0.38203125 0.0609375 0.11328125
1 0.87578125 0.39375 0.0609375 0.1171875
1 0.11484375 0.39453125 0.07421875 0.125
1 0.70546875 0.43046875 0.0671875 0.13828125
1 0.46171875 0.440625 0.06875 0.1359375
1 0.1859375 0.4609375 0.0875 0.15
1 0.94765625 0.634375 0.0921875 0.19296875
0 0.2265625 0.8078125 0.453125 0.36328125\n