0 0.67734375 0.2265625 0.034375 0.0359375
2 0.7078125 0.25078125 0.0484375 0.09375
0 0.61875 0.3 0.05546875 0.07421875
0 0.82265625 0.340625 0.06171875 0.10625
1 0.66640625 0.33671875 0.02421875 0.09609375
1 0.640625 0.34140625 0.02421875 0.0953125
1 0.5796875 0.421875 0.03828125 0.11953125
1 0.71171875 0.46796875 0.0390625 0.14375
1 0.54140625 0.49140625 0.05234375 0.1640625
0 0.80390625 0.53203125 0.125 0.2484375
1 0.67265625 0.571875 0.04921875 0.19453125
1 0.471875 0.58046875 0.059375 0.19375
1 0.590625 0.59453125 0.0609375 0.21171875
0 0.29453125 0.69375 0.2453125 0.303125\n