1 0.909375 0.43203125 0.04140625 0.0484375
1 0.9546875 0.4625 0.04921875 0.0546875
1 0.85390625 0.453125 0.04453125 0.0546875
1 0.78828125 0.47421875 0.0578125 0.06171875
3 0.35859375 0.51015625 0.50078125 0.2296875
1 0.70078125 0.50078125 0.06953125 0.07109375
1 0.634375 0.5421875 0.08125 0.084375
1 0.80390625 0.54375 0.07109375 0.0796875
1 0.48671875 0.6125 0.12734375 0.10390625
1 0.853125 0.63984375 0.09921875 0.11796875
1 0.5671875 0.753125 0.16015625 0.15546875
0 0.20859375 0.7984375 0.41640625 0.3265625\n