1 0.0765625 0.1703125 0.03828125 0.08203125
0 0.25546875 0.20234375 0.12265625 0.0890625
1 0.4390625 0.20234375 0.04921875 0.09609375
1 0.34140625 0.259375 0.06640625 0.084375
1 0.4796875 0.28046875 0.05703125 0.11171875
1 0.11640625 0.28828125 0.05234375 0.11328125
0 0.1203125 0.03125 0.053125 0.0421875
2 0.71484375 0.42421875 0.33515625 0.36953125
1 0.45234375 0.41328125 0.0625 0.14453125
2 0.28359375 0.47421875 0.2625 0.35625
1 0.659375 0.7125 0.13671875 0.184375
0 0.403125 0.0890625 0.10546875 0.090625
0 0.275 0.10078125 0.0859375 0.07109375
0 0.1078125 0.10703125 0.08125 0.0609375\n