0 0.8109375 0.29375 0.06171875 0.1
1 0.6296875 0.2984375 0.02421875 0.08125
0 0.27890625 0.309375 0.11953125 0.13203125
0 0.065625 0.31953125 0.12890625 0.221875
1 0.5796875 0.32109375 0.02734375 0.08515625
0 0.1765625 0.321875 0.12890625 0.14921875
1 0.49453125 0.31484375 0.03515625 0.1046875
1 0.528125 0.3390625 0.03515625 0.10703125
0 0.3609375 0.403125 0.15390625 0.159375
1 0.6265625 0.4328125 0.03359375 0.13125
1 0.65390625 0.571875 0.05859375 0.18984375
1 0.2640625 0.75703125 0.10625 0.2765625\n