0 0.740625 0.16953125 0.02109375 0.0296875
0 0.67890625 0.21484375 0.04765625 0.059375
0 0.6703125 0.3125 0.0625 0.08984375
0 0.82109375 0.3296875 0.0625 0.078125
0 0.8203125 0.3890625 0.0640625 0.06015625
0 0.490625 0.434375 0.13828125 0.18359375
1 0.578125 0.4265625 0.03515625 0.14375
1 0.68515625 0.4703125 0.03046875 0.14609375
0 0.803125 0.53046875 0.12421875 0.25078125
1 0.0875 0.73828125 0.01796875 0.0359375
1 0.628125 0.77109375 0.0703125 0.26953125
1 0.496875 0.7859375 0.0953125 0.24453125\n