0 0.74140625 0.16875 0.021875 0.0296875
0 0.69296875 0.22890625 0.0359375 0.0515625
0 0.82421875 0.2359375 0.03203125 0.03203125
0 0.81484375 0.28203125 0.05078125 0.06171875
1 0.75546875 0.271875 0.0171875 0.07890625
1 0.66015625 0.29375 0.021875 0.07578125
0 0.8140625 0.33359375 0.06796875 0.071875
1 0.72578125 0.31484375 0.0234375 0.096875
0 0.803125 0.44140625 0.08828125 0.1484375
1 0.71640625 0.46796875 0.0375 0.165625
0 0.53671875 0.49921875 0.14140625 0.1890625
0 0.76796875 0.646875 0.13359375 0.28671875\n