0 0.071875 0.13203125 0.09453125 0.0671875
1 0.409375 0.1953125 0.046875 0.08359375
1 0.028125 0.21484375 0.04609375 0.08828125
0 0.24453125 0.23515625 0.13515625 0.10703125
1 0.4734375 0.25078125 0.05859375 0.10546875
1 0.16875 0.27109375 0.0515625 0.10390625
1 0.35625 0.321875 0.07421875 0.1171875
1 0.1125 0.34609375 0.06328125 0.12109375
2 0.8 0.5421875 0.3984375 0.49765625
1 0.4859375 0.53359375 0.0875 0.17734375
2 0.284375 0.6125 0.32890625 0.45546875
0 0.40546875 0.1078125 0.1109375 0.09765625
0 0.26640625 0.11640625 0.0921875 0.0796875\n