0 0.50390625 0.18671875 0.05625 0.04296875
0 0.5765625 0.19453125 0.04921875 0.04609375
0 0.66171875 0.1953125 0.04921875 0.04765625
1 0.4328125 0.20625 0.0265625 0.05546875
0 0.740625 0.30078125 0.0828125 0.0796875
1 0.6046875 0.3140625 0.0265625 0.0609375
1 0.39609375 0.3703125 0.04609375 0.0984375
1 0.140625 0.37109375 0.04921875 0.09375
1 0.21484375 0.38203125 0.04765625 0.1015625
2 0.5609375 0.490625 0.18984375 0.3078125
0 0.8078125 0.60234375 0.16015625 0.21953125
0 0.69453125 0.11875 0.03125 0.021875
0 0.63125 0.1203125 0.0328125 0.03125
0 0.75078125 0.1515625 0.04140625 0.04765625\n