0 0.0453125 0.125 0.07421875 0.0484375
0 0.52421875 0.20546875 0.0921875 0.065625
2 0.7734375 0.26640625 0.1953125 0.13671875
1 0.053125 0.26328125 0.0515625 0.0859375
2 0.58359375 0.29765625 0.1671875 0.1328125
0 0.11484375 0.31640625 0.14375 0.10390625
3 0.49375 0.03203125 0.0578125 0.053125
0 0.640625 0.5140625 0.23828125 0.22109375
0 0.4140625 0.0578125 0.04296875 0.0421875
1 0.3328125 0.05625 0.01640625 0.028125
0 0.37265625 0.0953125 0.053125 0.0421875
0 0.475 0.0984375 0.06640625 0.065625
1 0.24921875 0.11171875 0.03046875 0.0453125\n