0 0.52265625 0.20546875 0.0796875 0.0875
1 0.415625 0.2 0.034375 0.0578125
0 0.64921875 0.2125 0.0859375 0.10390625
1 0.35625 0.215625 0.0328125 0.0671875
1 0.2 0.25546875 0.0453125 0.07265625
1 0.4578125 0.290625 0.03515625 0.0765625
1 0.30390625 0.31015625 0.0375 0.09140625
1 0.15859375 0.36484375 0.053125 0.10234375
0 0.71328125 0.3921875 0.1375 0.16875
1 0.33046875 0.38125 0.05078125 0.109375
1 0.5953125 0.3953125 0.046875 0.1171875
1 0.4 0.4046875 0.053125 0.11796875
0 0.4953125 0.04921875 0.025 0.021875
1 0.153125 0.4828125 0.06640625 0.1328125
0 0.5109375 0.515625 0.15078125 0.20859375
1 0.3015625 0.50859375 0.0546875 0.1546875
0 0.59765625 0.0546875 0.028125 0.025
1 0.26796875 0.73203125 0.096875 0.21171875
3 0.859375 0.828125 0.28125 0.34375
1 0.46328125 0.15078125 0.0328125 0.05703125\n