0 0.740625 0.16953125 0.01953125 0.0296875
0 0.68046875 0.215625 0.04765625 0.05859375
0 0.81953125 0.2328125 0.03203125 0.03125
0 0.82109375 0.32578125 0.059375 0.06796875
1 0.74453125 0.3484375 0.02890625 0.109375
0 0.8203125 0.3890625 0.0640625 0.05859375
0 0.6078125 0.40703125 0.0921875 0.14375
1 0.690625 0.409375 0.03828125 0.13515625
0 0.45 0.4765625 0.16015625 0.21171875
0 0.80234375 0.53125 0.12421875 0.25
1 0.42578125 0.628125 0.06640625 0.21171875
1 0.1828125 0.73828125 0.09921875 0.2\n