1 0.53359375 0.11328125 0.0390625 0.0734375
1 0.134375 0.14609375 0.04609375 0.04765625
1 0.0671875 0.1421875 0.04375 0.08046875
0 0.39765625 0.1828125 0.12265625 0.0953125
1 0.6125 0.171875 0.053125 0.08984375
0 0.12421875 0.22109375 0.1484375 0.10390625
1 0.5125 0.23203125 0.04609375 0.103125
0 0.690625 0.30546875 0.1953125 0.134375
1 0.48515625 0.296875 0.059375 0.115625
1 0.284375 0.33671875 0.065625 0.13125
0 0.5515625 0.0375 0.06796875 0.0609375
1 0.2171875 0.37734375 0.06796875 0.13203125
1 0.03515625 0.42421875 0.0703125 0.1609375
1 0.4734375 0.46875 0.0703125 0.16640625
1 0.7453125 0.4796875 0.08828125 0.1703125
1 0.64375 0.59296875 0.11015625 0.209375
1 0.4421875 0.59765625 0.10234375 0.19140625
1 0.3203125 0.65625 0.0921875 0.215625
1 0.3015625 0.071875 0.0296875 0.05
1 0.46484375 0.0765625 0.03671875 0.0671875
1 0.23359375 0.09921875 0.03125 0.059375\n