1 0.2203125 0.1234375 0.021875 0.04765625
0 0.7703125 0.13125 0.06953125 0.046875
1 0.1171875 0.221875 0.03828125 0.06640625
1 0.03984375 0.23515625 0.04296875 0.0703125
0 0.79453125 0.2625 0.1109375 0.08203125
1 0.3265625 0.28359375 0.053125 0.0859375
0 0.8203125 0.03359375 0.03125 0.02265625
0 0.715625 0.0359375 0.0296875 0.02265625
0 0.596875 0.540625 0.2046875 0.23203125
0 0.678125 0.08046875 0.04296875 0.040625
1 0.3484375 0.11015625 0.0265625 0.040625
1 0.30859375 0.11796875 0.0265625 0.04453125\n