0 0.61953125 0.1390625 0.0625 0.0765625
3 0.4125 0.14296875 0.2046875 0.1390625
0 0.303125 0.14375 0.06796875 0.06796875
3 0.11171875 0.18203125 0.2234375 0.2046875
3 0.39609375 0.20078125 0.2046875 0.1859375
1 0.66484375 0.18828125 0.053125 0.08359375
1 0.74453125 0.253125 0.07578125 0.10625
0 0.0984375 0.284375 0.16875 0.11875
0 0.259375 0.03515625 0.07265625 0.05703125
0 0.5109375 0.56328125 0.2890625 0.2578125
0 0.08203125 0.059375 0.1140625 0.05
0 0.0390625 0.63125 0.07734375 0.3078125
1 0.21328125 0.69609375 0.12734375 0.22890625
1 0.6203125 0.87734375 0.16796875 0.2421875\n