1 0.64609375 0.1875 0.025 0.05703125
0 0.51171875 0.21171875 0.07109375 0.06484375
1 0.40546875 0.25234375 0.034375 0.07265625
1 0.678125 0.24609375 0.0296875 0.0671875
1 0.4515625 0.290625 0.03671875 0.0859375
1 0.2640625 0.328125 0.04296875 0.09453125
1 0.13828125 0.375 0.04765625 0.1
1 0.621875 0.39296875 0.0390625 0.1203125
1 0.17734375 0.43125 0.05625 0.121875
0 0.8234375 0.45546875 0.15234375 0.19375
1 0.49375 0.4515625 0.06015625 0.13984375
0 0.27421875 0.5453125 0.23671875 0.24921875
0 0.67109375 0.08359375 0.0296875 0.0296875
0 0.58515625 0.13046875 0.04609375 0.04140625
1 0.6796875 0.14609375 0.01640625 0.04296875\n