0 0.496875 0.184375 0.04765625 0.04609375
1 0.521875 0.22578125 0.01640625 0.03828125
1 0.484375 0.225 0.0265625 0.053125
0 0.56640625 0.25390625 0.06484375 0.07265625
1 0.64375 0.24765625 0.03125 0.0609375
1 0.4203125 0.27890625 0.04375 0.06015625
1 0.52421875 0.31015625 0.0359375 0.0765625
1 0.2625 0.3140625 0.03828125 0.078125
1 0.43671875 0.33515625 0.03046875 0.08671875
1 0.37109375 0.33828125 0.0375 0.08515625
1 0.7375 0.36875 0.0421875 0.1078125
1 0.68984375 0.43828125 0.04921875 0.11875
1 0.5484375 0.4953125 0.059375 0.15078125
0 0.35078125 0.5484375 0.18671875 0.196875
0 0.7703125 0.690625 0.2 0.28125
2 0.65234375 0.13046875 0.03984375 0.04921875
0 0.5796875 0.13984375 0.03671875 0.0328125\n