1 0.06328125 0.1640625 0.03359375 0.065625
0 0.409375 0.21875 0.09921875 0.09921875
1 0.12265625 0.27734375 0.04296875 0.096875
1 0.23359375 0.290625 0.05234375 0.0984375
1 0.3015625 0.315625 0.04375 0.11015625
0 0.34375 0.04296875 0.04296875 0.04921875
0 0.51953125 0.46875 0.21015625 0.27265625
1 0.35625 0.4546875 0.065625 0.14296875
0 0.18828125 0.60859375 0.2234375 0.346875
3 0.18671875 0.08203125 0.0828125 0.09609375
1 0.38125 0.096875 0.02265625 0.05546875
1 0.1203125 0.1484375 0.03046875 0.06015625\n