0 0.73515625 0.2796875 0.01953125 0.01640625
0 0.75390625 0.31171875 0.034375 0.0296875
2 0.34140625 0.3390625 0.06796875 0.05859375
0 0.4671875 0.34765625 0.04609375 0.03125
1 0.6 0.3453125 0.01875 0.03203125
0 0.753125 0.35625 0.04453125 0.02890625
0 0.4265625 0.37890625 0.04453125 0.03359375
1 0.3296875 0.45234375 0.03046875 0.05
1 0.2109375 0.4765625 0.03046875 0.05625
1 0.28125 0.47421875 0.0359375 0.05625
0 0.88203125 0.534375 0.1171875 0.0859375
1 0.0625 0.5953125 0.04609375 0.0875
1 0.6203125 0.3234375 0.01328125 0.02734375\n