0 0.82265625 0.21796875 0.03046875 0.03125
0 0.8234375 0.24453125 0.03046875 0.03515625
0 0.81328125 0.278125 0.0453125 0.03671875
1 0.68515625 0.265625 0.01953125 0.071875
1 0.7171875 0.27890625 0.02109375 0.07578125
0 0.815625 0.33125 0.06953125 0.0765625
1 0.6390625 0.35 0.03359375 0.1109375
0 0.803125 0.44453125 0.09140625 0.146875
1 0.5875 0.47421875 0.05390625 0.1609375
1 0.65234375 0.56796875 0.04921875 0.203125
0 0.76875 0.653125 0.13359375 0.28828125
1 0.234375 0.77890625 0.09921875 0.24375\n