1 0.409375 0.190625 0.05703125 0.08671875
1 0.21640625 0.21640625 0.046875 0.096875
1 0.05390625 0.23046875 0.04609375 0.1046875
2 0.61015625 0.3015625 0.16171875 0.2578125
1 0.18203125 0.3109375 0.06171875 0.1203125
1 0.09453125 0.32734375 0.05078125 0.13359375
1 0.24453125 0.0390625 0.02421875 0.053125
2 0.36328125 0.46875 0.21328125 0.4859375
1 0.03125 0.45390625 0.0625 0.17109375
1 0.278125 0.0421875 0.0265625 0.05390625
1 0.1734375 0.54609375 0.0734375 0.16484375
0 0.7671875 0.70234375 0.30234375 0.4609375
0 0.56875 0.11953125 0.0921875 0.12578125
0 0.24765625 0.1234375 0.0875 0.09765625
1 0.459375 0.1421875 0.034375 0.07578125
1 0.13359375 0.13046875 0.03359375 0.06796875
1 0.459375 0.140625 0.04140625 0.07890625\n