0 0.43359375 0.1953125 0.04296875 0.0546875
1 0.33203125 0.23671875 0.01796875 0.03828125
0 0.45390625 0.2515625 0.0578125 0.0609375
0 0.27421875 0.26328125 0.05625 0.0546875
1 0.140625 0.27265625 0.028125 0.0546875
1 0.21953125 0.290625 0.03203125 0.059375
0 0.3609375 0.35859375 0.084375 0.10078125
1 0.0859375 0.37421875 0.02890625 0.0828125
1 0.4046875 0.44765625 0.04453125 0.10078125
1 0.27109375 0.44765625 0.05625 0.1046875
0 0.07109375 0.5265625 0.1390625 0.21015625
1 0.284375 0.553125 0.05 0.13359375
0 0.58671875 0.6 0.1671875 0.196875\n