0 0.8109375 0.296875 0.06171875 0.096875
0 0.27890625 0.31015625 0.1171875 0.13359375
0 0.1828125 0.31875 0.11640625 0.1390625
0 0.06640625 0.321875 0.1296875 0.22421875
1 0.4640625 0.32421875 0.0421875 0.10703125
1 0.1453125 0.3953125 0.0671875 0.17421875
1 0.67890625 0.37109375 0.0234375 0.10078125
1 0.625 0.390625 0.03046875 0.11171875
0 0.81015625 0.42421875 0.0859375 0.140625
1 0.509375 0.46640625 0.04765625 0.16484375
1 0.38671875 0.49296875 0.06796875 0.21640625
1 0.63671875 0.54140625 0.05078125 0.17109375
1 0.3109375 0.70390625 0.08984375 0.3203125\n