0 0.584375 0.1703125 0.0265625 0.028125
0 0.6375 0.1921875 0.04296875 0.04453125
1 0.41484375 0.2234375 0.01640625 0.03671875
0 0.65625 0.25234375 0.053125 0.053125
3 0.50234375 0.3078125 0.12734375 0.21015625
1 0.609375 0.3125 0.03203125 0.059375
1 0.31875 0.35078125 0.04453125 0.08046875
1 0.6265625 0.409375 0.040625 0.10703125
0 0.72890625 0.465625 0.1390625 0.1765625
1 0.5640625 0.50546875 0.04375 0.1203125
1 0.12578125 0.5609375 0.0609375 0.12890625
1 0.2171875 0.665625 0.059375 0.153125
1 0.39140625 0.81015625 0.0796875 0.2453125\n