0 0.253125 0.2140625 0.0515625 0.0625
0 0.18984375 0.22421875 0.04609375 0.0328125
0 0.35859375 0.22578125 0.04609375 0.04296875
0 0.40546875 0.2578125 0.04296875 0.03984375
1 0.35546875 0.2984375 0.0203125 0.05
1 0.328125 0.3078125 0.0234375 0.03984375
0 0.42734375 0.3109375 0.07734375 0.084375
1 0.10234375 0.3125 0.0296875 0.05625
1 0.2625 0.31875 0.02734375 0.05625
1 0.30390625 0.33984375 0.0296875 0.06796875
1 0.21796875 0.33671875 0.0359375 0.065625
1 0.178125 0.3953125 0.03671875 0.084375
1 0.13671875 0.45859375 0.04609375 0.1078125
3 0.5109375 0.49765625 0.14375 0.1671875
1 0.21328125 0.54296875 0.04609375 0.1328125
0 0.05703125 0.65234375 0.1109375 0.21640625
1 0.14921875 0.75390625 0.07109375 0.1875\n