0 0.80859375 0.296875 0.0625 0.0984375
0 0.27890625 0.3109375 0.11953125 0.13125
0 0.18359375 0.31953125 0.1171875 0.14296875
1 0.5796875 0.30546875 0.02734375 0.1
0 0.065625 0.32109375 0.12890625 0.225
1 0.51875 0.31328125 0.03203125 0.11953125
0 0.64765625 0.33125 0.06171875 0.08359375
1 0.36796875 0.35546875 0.04453125 0.14296875
1 0.4484375 0.35546875 0.03671875 0.128125
0 0.7984375 0.434375 0.0703125 0.12421875
1 0.50078125 0.4265625 0.04453125 0.1609375
1 0.13203125 0.440625 0.0859375 0.228125
1 0.44609375 0.559375 0.06015625 0.24140625\n