1 0.1328125 0.11953125 0.03515625 0.05703125
1 0.3515625 0.1265625 0.03359375 0.0640625
1 0.509375 0.14453125 0.0453125 0.07578125
1 0.25859375 0.1703125 0.034375 0.0734375
1 0.578125 0.19140625 0.04453125 0.084375
1 0.66328125 0.1890625 0.04375 0.07578125
0 0.371875 0.02265625 0.04921875 0.0359375
1 0.05390625 0.22421875 0.0453125 0.08828125
0 0.43671875 0.275 0.1421875 0.11171875
1 0.69140625 0.26953125 0.0546875 0.109375
0 0.11640625 0.3171875 0.16875 0.121875
1 0.57734375 0.36796875 0.06171875 0.12421875
0 0.4375 0.046875 0.0625 0.04609375
0 0.81328125 0.459375 0.2609375 0.1875
1 0.5625 0.48828125 0.08125 0.15546875
1 0.3234375 0.50703125 0.08359375 0.16640625
1 0.2640625 0.57734375 0.08203125 0.17421875
1 0.4546875 0.72734375 0.0984375 0.21328125
0 0.60390625 0.090625 0.0796875 0.07421875\n