1 0.965625 0.24609375 0.04765625 0.04609375
1 0.79375 0.28125 0.0546875 0.0609375
1 0.875 0.3 0.06484375 0.08203125
1 0.1171875 0.31171875 0.0796875 0.04453125
1 0.721875 0.31953125 0.06484375 0.07421875
1 0.5140625 0.33125 0.07265625 0.0734375
0 0.971875 0.34140625 0.0546875 0.07578125
1 0.63359375 0.3734375 0.09453125 0.07109375
1 0.8375 0.371875 0.0578125 0.0765625
1 0.38515625 0.378125 0.09453125 0.0890625
1 0.765625 0.453125 0.07265625 0.0890625
0 0.346875 0.52421875 0.38671875 0.18359375
2 0.515625 0.74453125 0.83125 0.5109375\n