1 0.3546875 0.1546875 0.03984375 0.084375
1 0.2734375 0.01875 0.01953125 0.0328125
1 0.425 0.17890625 0.03671875 0.0890625
1 0.025 0.18515625 0.04921875 0.09921875
0 0.3578125 0.0203125 0.0578125 0.03828125
1 0.2484375 0.221875 0.04921875 0.11484375
1 0.65234375 0.28359375 0.04453125 0.1125
1 0.365625 0.28828125 0.05 0.13125
1 0.45625 0.35390625 0.053125 0.1515625
1 0.05234375 0.57109375 0.084375 0.17734375
0 0.6921875 0.590625 0.24921875 0.33359375
1 0.38828125 0.5828125 0.06328125 0.190625
1 0.215625 0.60390625 0.075 0.19375
1 0.4609375 0.68125 0.07421875 0.2515625
1 0.1328125 0.084375 0.03515625 0.06953125
1 0.17265625 0.884375 0.14296875 0.2296875
0 0.51953125 0.1078125 0.0875 0.0859375
0 0.22421875 0.1171875 0.10546875 0.109375
1 0.30546875 0.11796875 0.034375 0.08125
1 0.590625 0.125 0.03203125 0.08828125\n