0 0.7171875 0.39375 0.025 0.0296875
2 0.8328125 0.39375 0.03984375 0.053125
0 0.69375 0.43359375 0.03984375 0.03984375
0 0.85078125 0.44921875 0.0515625 0.0546875
1 0.5765625 0.48359375 0.025 0.0546875
0 0.43828125 0.5390625 0.15390625 0.15078125
0 0.54375 0.5875 0.109375 0.10546875
0 0.8078125 0.6296875 0.09609375 0.109375
1 0.7265625 0.64921875 0.03984375 0.103125
1 0.58671875 0.671875 0.046875 0.10625
0 0.29765625 0.72265625 0.2546875 0.221875
1 0.69375 0.71875 0.046875 0.11796875
1 0.81015625 0.725 0.0484375 0.12421875
0 0.95234375 0.759375 0.0921875 0.16171875
1 0.86328125 0.81328125 0.05625 0.15390625
1 0.5078125 0.871875 0.08125 0.1828125\n