0 0.85859375 0.46484375 0.07265625 0.065625
0 0.8234375 0.55234375 0.059375 0.08046875
0 0.4875 0.5625 0.12578125 0.0859375
1 0.26484375 0.59140625 0.04140625 0.0765625
0 0.90625 0.60703125 0.146875 0.096875
1 0.17421875 0.621875 0.05859375 0.0921875
1 0.05703125 0.6203125 0.0515625 0.08046875
1 0.69921875 0.65 0.0578125 0.0953125
0 0.36171875 0.67109375 0.16875 0.11171875
1 0.81484375 0.68046875 0.06796875 0.10703125
1 0.03203125 0.68046875 0.0640625 0.1046875
1 0.59609375 0.69921875 0.059375 0.1140625
0 0.9296875 0.71953125 0.140625 0.15546875
1 0.93046875 0.7890625 0.07578125 0.09453125
1 0.34140625 0.78046875 0.08046875 0.13515625
0 0.12265625 0.809375 0.2015625 0.1796875
1 0.73125 0.815625 0.08515625 0.1421875
0 0.496875 0.8921875 0.2796875 0.2109375
0 0.92578125 0.90234375 0.1484375 0.1921875\n