0 0.34375 0.178125 0.04453125 0.04296875
1 0.3265625 0.21328125 0.02734375 0.04921875
1 0.14296875 0.21484375 0.03203125 0.0546875
0 0.06015625 0.23203125 0.09921875 0.0609375
1 0.24140625 0.25546875 0.0359375 0.06953125
1 0.29609375 0.2578125 0.0375 0.06484375
0 0.38671875 0.3078125 0.09765625 0.12265625
1 0.2125 0.31171875 0.03984375 0.08125
1 0.29296875 0.3484375 0.04765625 0.08203125
1 0.13984375 0.49140625 0.04921875 0.13125
0 0.53671875 0.51796875 0.140625 0.18359375
1 0.2140625 0.5984375 0.0765625 0.1953125
1 0.08828125 0.76328125 0.078125 0.20390625
1 0.359375 0.78984375 0.09453125 0.2171875
0 0.37421875 0.1484375 0.034375 0.034375\n