0 0.7421875 0.16796875 0.02265625 0.02890625
0 0.8234375 0.20703125 0.02890625 0.02578125
0 0.82421875 0.23828125 0.03203125 0.03359375
0 0.8140625 0.33125 0.0671875 0.07890625
1 0.6625 0.32109375 0.0265625 0.10546875
1 0.73359375 0.33515625 0.02421875 0.10390625
1 0.603125 0.38046875 0.03046875 0.1140625
0 0.803125 0.44609375 0.0921875 0.14140625
1 0.69296875 0.4359375 0.034375 0.1484375
0 0.76875 0.65078125 0.134375 0.28984375
1 0.50078125 0.77734375 0.0828125 0.26171875
1 0.5828125 0.81796875 0.08046875 0.28046875\n