1 0.62421875 0.02421875 0.03984375 0.04375
0 0.80390625 0.25546875 0.1984375 0.16640625
3 0.41328125 0.31796875 0.309375 0.38671875
1 0.0875 0.03984375 0.03671875 0.065625
1 0.96171875 0.38046875 0.0734375 0.146875
1 0.95546875 0.5 0.08203125 0.18984375
1 0.81796875 0.55234375 0.10703125 0.1984375
1 0.290625 0.6796875 0.10859375 0.234375
0 0.253125 0.07578125 0.12734375 0.09453125
1 0.49140625 0.71484375 0.1125 0.28671875
1 0.86796875 0.83359375 0.15078125 0.3140625
1 0.6640625 0.86796875 0.14453125 0.26171875
1 0.2140625 0.87734375 0.14453125 0.24375
3 0.4765625 0.10390625 0.2 0.2078125
0 0.7390625 0.10703125 0.12265625 0.0859375\n