0 0.496875 0.2265625 0.05625 0.05078125
2 0.5796875 0.2453125 0.07578125 0.08046875
0 0.36015625 0.2515625 0.059375 0.040625
0 0.6421875 0.29375 0.0828125 0.0609375
0 0.50234375 0.296875 0.0875 0.059375
0 0.34296875 0.3 0.09609375 0.05078125
1 0.30625 0.43359375 0.0765625 0.0921875
1 0.43359375 0.44140625 0.0640625 0.1015625
1 0.140625 0.49296875 0.0578125 0.12109375
0 0.58359375 0.52890625 0.18046875 0.14609375
1 0.36328125 0.5171875 0.0671875 0.11640625
1 0.07734375 0.54296875 0.06328125 0.134375
1 0.16484375 0.59453125 0.06484375 0.15
1 0.30703125 0.759375 0.103125 0.20703125
1 0.6625 0.7734375 0.12109375 0.2046875\n