0 0.62421875 0.34609375 0.028125 0.01953125
2 0.2921875 0.36015625 0.04140625 0.0375
0 0.5671875 0.39453125 0.03828125 0.02890625
2 0.68203125 0.41015625 0.09453125 0.11171875
1 0.459375 0.41875 0.0265625 0.03671875
1 0.22109375 0.4359375 0.02890625 0.04453125
1 0.30703125 0.44140625 0.02421875 0.03984375
1 0.2796875 0.4671875 0.0296875 0.04453125
0 0.59375 0.51640625 0.0890625 0.06796875
1 0.22890625 0.50546875 0.02890625 0.0609375
1 0.04921875 0.5703125 0.04296875 0.05234375
2 0.05625 0.6875 0.109375 0.175\n