2 0.63671875 0.17109375 0.03828125 0.03828125
1 0.4765625 0.17578125 0.01953125 0.0390625
1 0.5140625 0.18359375 0.0203125 0.04765625
0 0.56953125 0.2140625 0.05625 0.0515625
1 0.37421875 0.21875 0.03359375 0.059375
1 0.40625 0.27734375 0.028125 0.05625
0 0.45859375 0.3265625 0.0921875 0.0890625
1 0.59453125 0.41015625 0.04375 0.10859375
0 0.25234375 0.440625 0.203125 0.23125
0 0.72890625 0.44453125 0.1203125 0.13359375
0 0.0453125 0.54375 0.090625 0.1703125
1 0.60234375 0.584375 0.06015625 0.1703125
0 0.1578125 0.74609375 0.27578125 0.3171875
0 0.58359375 0.1515625 0.034375 0.03671875\n