1 0.0203125 0.153125 0.03671875 0.0546875
0 0.30078125 0.20703125 0.12421875 0.11015625
1 0.16484375 0.196875 0.05703125 0.08203125
0 0.50078125 0.253125 0.13515625 0.1734375
1 0.325 0.30078125 0.07109375 0.10625
1 0.246875 0.378125 0.07421875 0.125
1 0.32421875 0.40234375 0.06640625 0.1234375
1 0.04609375 0.43828125 0.0796875 0.13046875
1 0.26796875 0.5671875 0.0859375 0.1796875
0 0.47109375 0.6765625 0.27734375 0.390625
1 0.16328125 0.79921875 0.14921875 0.234375
0 0.18984375 0.09453125 0.1390625 0.1375
0 0.50859375 0.10703125 0.090625 0.0859375
1 0.41796875 0.11875 0.04296875 0.06953125
0 0.3140625 0.121875 0.09453125 0.071875\n