1 0.671875 0.4734375 0.06484375 0.065625
1 0.7875 0.4875 0.04921875 0.06796875
0 0.9109375 0.515625 0.175 0.125
1 0.73046875 0.52890625 0.06640625 0.09453125
1 0.55234375 0.546875 0.07265625 0.08671875
1 0.396875 0.55234375 0.115625 0.08828125
3 0.0546875 0.57578125 0.1078125 0.2421875
1 0.87421875 0.65 0.084375 0.1140625
1 0.59921875 0.65234375 0.1109375 0.121875
1 0.1140625 0.65078125 0.18046875 0.12890625
1 0.340625 0.65859375 0.1421875 0.1140625
1 0.13359375 0.7703125 0.196875 0.17265625
1 0.30625 0.784375 0.18203125 0.1578125
0 0.66640625 0.86328125 0.46953125 0.271875\n