0 0.31171875 0.1421875 0.0625 0.04609375
0 0.2046875 0.1703125 0.0796875 0.06171875
0 0.496875 0.2 0.0859375 0.06171875
0 0.11484375 0.2171875 0.0859375 0.06328125
1 0.44296875 0.22265625 0.03515625 0.0765625
0 0.2015625 0.25625 0.1421875 0.10703125
1 0.4296875 0.29453125 0.0421875 0.08671875
1 0.1109375 0.34375 0.053125 0.09765625
1 0.26796875 0.3609375 0.0578125 0.1109375
1 0.64453125 0.3734375 0.06015625 0.11015625
1 0.3765625 0.38046875 0.06953125 0.11875
1 0.4515625 0.40859375 0.07265625 0.1015625
1 0.56875 0.4046875 0.075 0.12265625
1 0.15 0.4359375 0.07890625 0.12734375
1 0.4546875 0.5125 0.08359375 0.1453125
1 0.575 0.56328125 0.08828125 0.15859375
1 0.71640625 0.5984375 0.0890625 0.175
0 0.26796875 0.6734375 0.3203125 0.3015625
1 0.63984375 0.72578125 0.103125 0.21484375\n