1 0.31875 0.2046875 0.01953125 0.04453125
2 0.5046875 0.2390625 0.07578125 0.11875
1 0.42265625 0.23125 0.0265625 0.0578125
0 0.26171875 0.23984375 0.07421875 0.07421875
1 0.1453125 0.290625 0.04140625 0.06953125
1 0.1828125 0.325 0.03984375 0.08203125
1 0.2328125 0.4703125 0.0453125 0.1125
0 0.3390625 0.5875 0.165625 0.2234375
1 0.52890625 0.8203125 0.08828125 0.26171875
0 0.34609375 0.11875 0.0296875 0.028125
0 0.3875 0.11953125 0.0296875 0.0296875
0 0.46171875 0.1421875 0.03671875 0.04140625
0 0.39140625 0.16484375 0.04609375 0.04453125\n