0 0.66015625 0.14609375 0.025 0.02578125
0 0.63203125 0.1546875 0.028125 0.025
0 0.60234375 0.1875 0.028125 0.01875
0 0.6890625 0.1875 0.03125 0.02109375
2 0.27734375 0.196875 0.0609375 0.05546875
0 0.575 0.2 0.0328125 0.02734375
0 0.62890625 0.26328125 0.0609375 0.0421875
1 0.16640625 0.30859375 0.025 0.034375
1 0.20390625 0.36015625 0.03671875 0.06328125
1 0.278125 0.38046875 0.09375 0.08125
1 0.11875 0.5296875 0.07421875 0.1125
1 0.16171875 0.62578125 0.06875 0.11796875
1 0.76328125 0.7234375 0.1046875 0.15625\n