0 0.60390625 0.17890625 0.0546875 0.04609375
0 0.32734375 0.190625 0.06796875 0.0484375
0 0.07734375 0.209375 0.12265625 0.0546875
1 0.5328125 0.215625 0.034375 0.0546875
1 0.303125 0.23046875 0.0328125 0.0546875
1 0.221875 0.22890625 0.025 0.053125
0 0.62734375 0.2328125 0.0828125 0.065625
3 0.44453125 0.23671875 0.12734375 0.15625
1 0.05703125 0.29453125 0.06796875 0.07578125
0 0.69609375 0.375 0.13515625 0.121875
1 0.1921875 0.36640625 0.0578125 0.10546875
1 0.58359375 0.40859375 0.04921875 0.103125
0 0.03046875 0.42890625 0.0609375 0.12421875
1 0.24375 0.46171875 0.059375 0.12265625
0 0.44921875 0.50234375 0.19375 0.2125
1 0.303125 0.4953125 0.059375 0.125
1 0.1078125 0.55 0.084375 0.15859375
1 0.81015625 0.7 0.10078125 0.1875
0 0.65859375 0.87890625 0.3375 0.2359375
0 0.5171875 0.115625 0.03671875 0.03359375
0 0.58359375 0.121875 0.04609375 0.03359375\n