0 0.690625 0.13359375 0.0234375 0.0171875
0 0.721875 0.13828125 0.021875 0.01640625
0 0.578125 0.15546875 0.0296875 0.0171875
0 0.3953125 0.17890625 0.03828125 0.02109375
2 0.6734375 0.1796875 0.05625 0.053125
2 0.25703125 0.18515625 0.07265625 0.059375
1 0.3109375 0.21015625 0.025 0.0328125
1 0.275 0.2453125 0.021875 0.03828125
1 0.13046875 0.31875 0.0265625 0.05390625
1 0.42734375 0.32890625 0.0328125 0.0671875
1 0.2328125 0.34296875 0.04140625 0.06171875
1 0.01796875 0.396875 0.0328125 0.0734375
0 0.90546875 0.43515625 0.1484375 0.09296875\n