1 0.54453125 0.209375 0.0328125 0.0421875
0 0.43203125 0.26640625 0.10078125 0.0765625
1 0.98203125 0.2703125 0.03515625 0.059375
0 0.840625 0.28359375 0.10546875 0.090625
3 0.65234375 0.28671875 0.18359375 0.1640625
0 0.35625 0.39296875 0.178125 0.14296875
3 0.66171875 0.4765625 0.27109375 0.3484375
1 0.18671875 0.578125 0.07265625 0.1671875
1 0.29453125 0.634375 0.08828125 0.16796875
1 0.71328125 0.79375 0.1 0.20625
1 0.54921875 0.80234375 0.11875 0.2390625
1 0.19921875 0.86875 0.11796875 0.259375
1 0.37265625 0.90234375 0.1171875 0.1953125\n