0 0.56875 0.15 0.059375 0.0375
0 0.68359375 0.18359375 0.03984375 0.05
2 0.73828125 0.2109375 0.09765625 0.125
3 0.38984375 0.22265625 0.1984375 0.1453125
1 0.16328125 0.24609375 0.0421875 0.05390625
1 0.10859375 0.26875 0.0453125 0.059375
2 0.49921875 0.2796875 0.12421875 0.12421875
1 0.0296875 0.2921875 0.04453125 0.06640625
0 0.64296875 0.3453125 0.13046875 0.0921875
0 0.72890625 0.04296875 0.0265625 0.02734375
0 0.6765625 0.04375 0.025 0.01484375
0 0.75390625 0.0546875 0.03125 0.02265625
0 0.6390625 0.0609375 0.0328125 0.02578125
0 0.70625 0.07109375 0.03671875 0.02890625
0 0.2078125 0.74765625 0.3421875 0.2421875\n