0 0.2796875 0.2921875 0.11328125 0.09453125
0 0.81015625 0.296875 0.06328125 0.10078125
0 0.1796875 0.3203125 0.128125 0.14921875
0 0.065625 0.32109375 0.12890625 0.22421875
1 0.384375 0.334375 0.04453125 0.12890625
1 0.6828125 0.38046875 0.028125 0.10546875
1 0.64375 0.4046875 0.03203125 0.1203125
0 0.26328125 0.42109375 0.19609375 0.1953125
0 0.8140625 0.4234375 0.08515625 0.13515625
1 0.41875 0.4859375 0.0625 0.196875
1 0.61015625 0.496875 0.04375 0.16015625
1 0.36953125 0.8234375 0.1234375 0.353125\n