1 0.5265625 0.43828125 0.04609375 0.05234375
1 0.67578125 0.47890625 0.0515625 0.0640625
1 0.7703125 0.49453125 0.0484375 0.06640625
1 0.9046875 0.53671875 0.0546875 0.071875
0 0.3625 0.55078125 0.28125 0.1515625
1 0.5890625 0.5609375 0.06796875 0.096875
1 0.83359375 0.56640625 0.059375 0.08984375
1 0.05390625 0.596875 0.10234375 0.10703125
1 0.66953125 0.65078125 0.0890625 0.1140625
0 0.8375 0.715625 0.24453125 0.22421875
0 0.13359375 0.76875 0.2671875 0.24375
1 0.26484375 0.784375 0.1390625 0.159375
1 0.46484375 0.80078125 0.1125 0.153125\n