0 0.55859375 0.13984375 0.04140625 0.025
2 0.09765625 0.15390625 0.0859375 0.07109375
1 0.42109375 0.16171875 0.0203125 0.03203125
0 0.23203125 0.18515625 0.0546875 0.03359375
1 0.384375 0.2109375 0.03203125 0.046875
0 0.6390625 0.23671875 0.07734375 0.0609375
1 0.1796875 0.253125 0.03046875 0.05625
1 0.11875 0.26328125 0.03359375 0.05625
1 0.4546875 0.27109375 0.0296875 0.053125
1 0.059375 0.28828125 0.0296875 0.0625
1 0.52890625 0.34609375 0.03984375 0.07109375
0 0.90234375 0.35703125 0.13359375 0.08203125
0 0.90390625 0.45390625 0.18828125 0.134375
1 0.06484375 0.54140625 0.06875 0.13046875
0 0.46171875 0.084375 0.0234375 0.0234375
2 0.48671875 0.11015625 0.03125 0.02890625
0 0.5453125 0.1125 0.028125 0.0234375\n