2 0.91484375 0.1484375 0.03671875 0.03359375
0 0.95859375 0.16484375 0.04140625 0.025
0 0.60390625 0.18203125 0.04765625 0.02578125
1 0.74375 0.23515625 0.03671875 0.04921875
1 0.31640625 0.2640625 0.02890625 0.046875
0 0.81015625 0.2859375 0.0875 0.065625
1 0.52265625 0.30859375 0.03515625 0.0671875
1 0.1046875 0.3171875 0.03828125 0.0578125
1 0.18125 0.32421875 0.03671875 0.059375
1 0.36171875 0.365625 0.03828125 0.0734375
1 0.15546875 0.48984375 0.06953125 0.10546875
0 0.6421875 0.69375 0.24609375 0.22578125
1 0.16953125 0.77421875 0.11171875 0.18125\n