0 0.86953125 0.20546875 0.1171875 0.07421875
1 0.921875 0.22421875 0.034375 0.06171875
1 0.7953125 0.34140625 0.059375 0.09921875
1 0.15625 0.36171875 0.084375 0.06328125
1 0.56796875 0.3625 0.0796875 0.09921875
1 0.94921875 0.41640625 0.06796875 0.12109375
1 0.73046875 0.42109375 0.0515625 0.1171875
1 0.7796875 0.47734375 0.08125 0.14453125
1 0.8546875 0.5953125 0.1 0.16875
3 0.43203125 0.63203125 0.52265625 0.4625
1 0.05390625 0.6046875 0.103125 0.17890625
1 0.7890625 0.89375 0.12109375 0.2109375\n