1 0.38046875 0.10390625 0.028125 0.059375
1 0.3484375 0.13359375 0.0359375 0.0953125
1 0.2734375 0.15703125 0.03125 0.1046875
1 0.35234375 0.27890625 0.0421875 0.1421875
1 0.6078125 0.30078125 0.04296875 0.08671875
1 0.31640625 0.31484375 0.04609375 0.1765625
1 0.52265625 0.3375 0.05 0.1375
1 0.271875 0.3734375 0.0515625 0.23125
1 0.628125 0.41328125 0.05234375 0.14453125
0 0.29765625 0.0609375 0.0515625 0.0796875
1 0.89921875 0.8390625 0.0921875 0.21953125
1 0.3859375 0.80625 0.11328125 0.38671875\n