0 0.740625 0.16875 0.021875 0.0296875
0 0.79375 0.21328125 0.03125 0.05078125
0 0.74140625 0.21796875 0.03046875 0.0453125
0 0.82578125 0.25390625 0.03671875 0.06015625
1 0.75 0.27890625 0.0140625 0.04296875
1 0.734375 0.29921875 0.01640625 0.05078125
0 0.81484375 0.33046875 0.06953125 0.0796875
0 0.7 0.3859375 0.084375 0.1203125
0 0.803125 0.44609375 0.08984375 0.14296875
1 0.5890625 0.5796875 0.05390625 0.19296875
1 0.65703125 0.58828125 0.04765625 0.1984375
0 0.76796875 0.6515625 0.134375 0.28984375\n