0 0.634375 0.175 0.0328125 0.034375
0 0.58671875 0.19609375 0.03125 0.0296875
0 0.65078125 0.228125 0.053125 0.053125
1 0.3703125 0.27734375 0.0234375 0.04453125
0 0.678125 0.31171875 0.07578125 0.07109375
1 0.61953125 0.4015625 0.04375 0.0921875
3 0.459375 0.4296875 0.20625 0.3484375
1 0.72734375 0.43828125 0.04609375 0.1078125
1 0.16953125 0.53828125 0.06171875 0.1296875
1 0.66484375 0.68671875 0.0640625 0.15859375
0 0.8546875 0.82265625 0.2875 0.35234375
1 0.59375 0.79609375 0.0828125 0.20859375\n