0 0.771875 0.2515625 0.04140625 0.0359375
0 0.89375 0.26328125 0.07265625 0.0546875
0 0.9078125 0.31171875 0.06796875 0.0484375
0 0.775 0.3265625 0.0796875 0.040625
1 0.6015625 0.33125 0.02890625 0.05234375
1 0.44375 0.459375 0.04140625 0.046875
0 0.68671875 0.46875 0.165625 0.1140625
1 0.371875 0.51796875 0.05 0.10546875
1 0.79765625 0.61953125 0.084375 0.15078125
1 0.06640625 0.65859375 0.0859375 0.13984375
1 0.1671875 0.68359375 0.09375 0.1484375
1 0.95078125 0.6734375 0.0921875 0.15390625
1 0.67890625 0.7296875 0.09765625 0.18359375
0 0.38671875 0.7890625 0.35859375 0.3125
1 0.965625 0.82109375 0.06328125 0.2484375\n