1 0.5328125 0.1765625 0.0265625 0.0671875
1 0.47890625 0.196875 0.03828125 0.07109375
1 0.78359375 0.22890625 0.028125 0.07578125
1 0.67734375 0.25390625 0.03359375 0.0828125
1 0.66015625 0.359375 0.04453125 0.121875
1 0.328125 0.38125 0.06484375 0.1234375
1 0.54609375 0.38984375 0.04765625 0.12109375
1 0.77421875 0.3875 0.04609375 0.13046875
1 0.06640625 0.4640625 0.08125 0.1328125
1 0.2125 0.56171875 0.07421875 0.159375
0 0.5421875 0.65625 0.2015625 0.30078125
2 0.75390625 0.08984375 0.0515625 0.08125
0 0.659375 0.09609375 0.04921875 0.04921875\n