0 0.55859375 0.5046875 0.021875 0.01953125
0 0.55546875 0.509375 0.021875 0.01953125
0 0.509375 0.53515625 0.0296875 0.01875
0 0.6296875 0.540625 0.03671875 0.0234375
0 0.59375 0.54453125 0.03671875 0.02578125
0 0.44296875 0.5734375 0.04765625 0.0375
0 0.52890625 0.58828125 0.04765625 0.03203125
0 0.30546875 0.61015625 0.0515625 0.034375
0 0.38203125 0.6484375 0.06484375 0.04609375
1 0.8796875 0.68125 0.03828125 0.0515625
0 0.50859375 0.70625 0.090625 0.06953125
0 0.6875 0.70625 0.0875 0.05703125\n