0 0.740625 0.16875 0.0203125 0.0265625
0 0.7640625 0.1859375 0.02265625 0.034375
0 0.6796875 0.21875 0.03671875 0.046875
0 0.82578125 0.24453125 0.03515625 0.04140625
0 0.753125 0.2953125 0.05546875 0.0859375
0 0.815625 0.33125 0.06796875 0.08203125
1 0.59375 0.36171875 0.028125 0.0984375
1 0.696875 0.41328125 0.03515625 0.1421875
0 0.80390625 0.45625 0.09140625 0.17890625
1 0.3140625 0.63984375 0.06875 0.19140625
0 0.409375 0.69609375 0.2265625 0.3046875
1 0.10859375 0.85390625 0.10234375 0.2390625\n