1 0.746875 0.36484375 0.01953125 0.0375
3 0.83125 0.3671875 0.10390625 0.109375
0 0.94140625 0.39609375 0.0609375 0.0609375
1 0.56015625 0.46953125 0.03515625 0.078125
0 0.68046875 0.4984375 0.12890625 0.1140625
1 0.84609375 0.5078125 0.034375 0.08125
1 0.5375 0.56015625 0.05 0.10234375
1 0.9546875 0.5671875 0.03984375 0.1125
1 0.41015625 0.58125 0.06875 0.11953125
0 0.81171875 0.6296875 0.15703125 0.18828125
1 0.621875 0.61015625 0.07421875 0.11875
0 0.58515625 0.79765625 0.20859375 0.2625
1 0.20546875 0.90390625 0.11015625 0.1890625\n