1 0.41953125 0.12890625 0.025 0.0421875
0 0.24609375 0.12890625 0.109375 0.05546875
0 0.740625 0.0140625 0.03984375 0.02578125
1 0.73359375 0.14453125 0.03125 0.0484375
0 0.65625 0.15078125 0.0890625 0.0859375
1 0.3171875 0.15 0.0328125 0.05234375
1 0.5703125 0.15078125 0.0296875 0.0609375
0 0.803125 0.1671875 0.09453125 0.071875
1 0.24765625 0.19140625 0.04609375 0.06328125
1 0.4203125 0.184375 0.0328125 0.06328125
1 0.778125 0.259375 0.053125 0.0921875
1 0.6015625 0.27578125 0.0515625 0.1015625
0 0.309375 0.3890625 0.27265625 0.23984375
0 0.903125 0.4109375 0.18828125 0.18125
1 0.66796875 0.4265625 0.07578125 0.128125
1 0.078125 0.434375 0.0890625 0.128125
1 0.45546875 0.48125 0.084375 0.11171875
0 0.51328125 0.05078125 0.07265625 0.07109375
0 0.784375 0.0625 0.06484375 0.05078125
1 0.4328125 0.6171875 0.0921875 0.16484375
1 0.77109375 0.64140625 0.09453125 0.18515625
1 0.56875 0.71953125 0.10546875 0.19453125
0 0.928125 0.80078125 0.140625 0.39609375
1 0.6078125 0.084375 0.021875 0.04375
0 0.4921875 0.1234375 0.0875 0.0671875\n