0 0.65859375 0.1484375 0.0328125 0.02265625
2 0.221875 0.15546875 0.07421875 0.05703125
0 0.57734375 0.1640625 0.04140625 0.03359375
1 0.3171875 0.19140625 0.01953125 0.03125
1 0.2484375 0.2125 0.021875 0.034375
1 0.29140625 0.22265625 0.0234375 0.0296875
0 0.66171875 0.26015625 0.07578125 0.06328125
1 0.15078125 0.2765625 0.028125 0.034375
0 0.846875 0.30703125 0.10390625 0.06171875
1 0.56484375 0.38125 0.03984375 0.071875
1 0.18671875 0.384375 0.046875 0.0765625
1 0.6671875 0.409375 0.0453125 0.08515625
1 0.0625 0.45390625 0.04609375 0.08515625
0 0.22421875 0.49296875 0.15078125 0.11875
1 0.81953125 0.4890625 0.07578125 0.1
1 0.81953125 0.66875 0.06953125 0.14921875
1 0.21953125 0.7046875 0.07109375 0.1578125
1 0.11875 0.83828125 0.08125 0.1875
1 0.25390625 0.83828125 0.1125 0.20625
0 0.56328125 0.10703125 0.028125 0.02109375\n