0 0.4078125 0.1359375 0.07734375 0.06953125
1 0.31640625 0.13671875 0.034375 0.05703125
1 0.11015625 0.203125 0.03828125 0.06796875
0 0.4296875 0.228125 0.10078125 0.10078125
1 0.18359375 0.22109375 0.04921875 0.0765625
1 0.2515625 0.25 0.03828125 0.0828125
1 0.03203125 0.26015625 0.053125 0.0890625
1 0.571875 0.27890625 0.0515625 0.0796875
1 0.309375 0.29453125 0.04296875 0.09453125
1 0.5015625 0.315625 0.0546875 0.09921875
0 0.3171875 0.03359375 0.03671875 0.03359375
1 0.4296875 0.39609375 0.06640625 0.103125
1 0.325 0.40390625 0.07109375 0.12265625
3 0.390625 0.04453125 0.06953125 0.08203125
0 0.4953125 0.05 0.04765625 0.03828125
2 0.73125 0.565625 0.35078125 0.5375
0 0.24453125 0.7453125 0.31875 0.43671875
0 0.51328125 0.09765625 0.05625 0.046875
0 0.19609375 0.1 0.07578125 0.05\n