0 0.46953125 0.77734375 0.23125 0.2234375
0 0.82734375 0.42578125 0.0328125 0.0265625
0 0.98515625 0.43046875 0.0296875 0.034375
1 0.878125 0.46875 0.01640625 0.0328125
1 0.9109375 0.50078125 0.0234375 0.04296875
3 0.7828125 0.51328125 0.13359375 0.1484375
1 0.6078125 0.53828125 0.025 0.06484375
1 0.97578125 0.55546875 0.0296875 0.05625
0 0.92421875 0.59375 0.0890625 0.090625
1 0.521875 0.6234375 0.04296875 0.078125
1 0.80078125 0.6328125 0.04140625 0.09609375
1 0.3984375 0.6625 0.04453125 0.0890625
1 0.421875 0.6875 0.06015625 0.1109375
1 0.68203125 0.68671875 0.04453125 0.1109375
1 0.9453125 0.69375 0.04609375 0.11796875
1 0.2640625 0.74140625 0.08203125 0.14609375
1 0.60703125 0.83515625 0.065625 0.1703125
0 0.68359375 0.9140625 0.26796875 0.171875\n