1 0.625 0.20234375 0.0265625 0.05625
1 0.3015625 0.2390625 0.025 0.07109375
1 0.59609375 0.24765625 0.0296875 0.06015625
0 0.68984375 0.26015625 0.09453125 0.0921875
1 0.6859375 0.3453125 0.04609375 0.11328125
1 0.6296875 0.41015625 0.0484375 0.1328125
3 0.38828125 0.46171875 0.3078125 0.52421875
1 0.784375 0.48671875 0.059375 0.1421875
0 0.57421875 0.05625 0.034375 0.034375
0 0.63046875 0.08203125 0.034375 0.03828125
0 0.575 0.10234375 0.03828125 0.034375
1 0.55703125 0.1328125 0.01640625 0.03828125
0 0.65078125 0.1421875 0.0625 0.0609375\n