0 0.74140625 0.16796875 0.01953125 0.02578125
0 0.825 0.2453125 0.034375 0.04375
1 0.78203125 0.23125 0.01796875 0.06015625
0 0.73046875 0.265625 0.05 0.07421875
0 0.8140625 0.27890625 0.04609375 0.03828125
0 0.8125 0.32109375 0.05859375 0.06484375
1 0.6328125 0.30546875 0.02265625 0.0890625
1 0.65078125 0.315625 0.01640625 0.09140625
0 0.803125 0.44375 0.0890625 0.14609375
1 0.646875 0.465625 0.03984375 0.15625
1 0.6890625 0.49921875 0.04453125 0.159375
0 0.765625 0.65390625 0.13359375 0.28984375\n