1 0.7984375 0.2984375 0.028125 0.0625
1 0.634375 0.30703125 0.028125 0.05546875
1 0.7078125 0.30625 0.03203125 0.0625
0 0.3125 0.32734375 0.10234375 0.0609375
1 0.7546875 0.34140625 0.025 0.0734375
1 0.534375 0.346875 0.03203125 0.065625
1 0.6484375 0.3875 0.0484375 0.08984375
1 0.34765625 0.39609375 0.0390625 0.08203125
1 0.646875 0.40625 0.028125 0.0515625
1 0.78828125 0.421875 0.0546875 0.09375
1 0.88984375 0.4296875 0.04453125 0.10078125
0 0.66796875 0.56171875 0.16015625 0.18984375
1 0.23515625 0.5640625 0.065625 0.125
1 0.44921875 0.73125 0.07265625 0.18828125
1 0.95390625 0.7484375 0.07578125 0.215625\n