2 0.178125 0.01796875 0.034375 0.03125
2 0.79609375 0.26015625 0.19375 0.12890625
0 0.2921875 0.3125 0.15703125 0.128125
1 0.03828125 0.31484375 0.06640625 0.10546875
0 0.6234375 0.33984375 0.16171875 0.13515625
0 0.4421875 0.04375 0.03984375 0.02890625
2 0.6828125 0.615625 0.21796875 0.28515625
1 0.04609375 0.09609375 0.01796875 0.02734375
1 0.3078125 0.1 0.01953125 0.034375
1 0.26171875 0.096875 0.0265625 0.03671875
1 0.08671875 0.10078125 0.0234375 0.03125
0 0.503125 0.1046875 0.059375 0.046875\n