0 0.5984375 0.2125 0.03828125 0.03125
2 0.25703125 0.2140625 0.06640625 0.059375
0 0.38828125 0.22734375 0.04765625 0.03359375
0 0.2921875 0.24140625 0.04921875 0.0296875
2 0.690625 0.24921875 0.0578125 0.065625
1 0.45859375 0.321875 0.03359375 0.04921875
0 0.6125 0.34296875 0.0890625 0.06796875
1 0.125 0.35078125 0.03671875 0.059375
1 0.2359375 0.3921875 0.03359375 0.05859375
1 0.17109375 0.3984375 0.0421875 0.06875
1 0.059375 0.4078125 0.05625 0.06953125
0 0.84765625 0.41328125 0.14375 0.10703125\n