0 0.34375 0.18671875 0.04921875 0.04765625
0 0.04453125 0.228125 0.0890625 0.06484375
1 0.18828125 0.23359375 0.03671875 0.0671875
1 0.33671875 0.23828125 0.034375 0.06328125
1 0.29609375 0.28125 0.0359375 0.0765625
1 0.2375 0.28515625 0.03203125 0.078125
1 0.17578125 0.31875 0.04921875 0.0890625
0 0.3921875 0.34765625 0.115625 0.140625
1 0.20078125 0.36875 0.0421875 0.09453125
1 0.2921875 0.43671875 0.05546875 0.11328125
1 0.05859375 0.45546875 0.06171875 0.13046875
0 0.59375 0.64921875 0.18984375 0.26953125
1 0.0859375 0.62265625 0.08203125 0.2015625
1 0.15390625 0.83046875 0.11875 0.26875
0 0.425 0.11015625 0.03125 0.021875
0 0.38203125 0.14765625 0.03828125 0.03828125\n