1 0.6890625 0.12265625 0.03671875 0.04140625
1 0.621875 0.12734375 0.03203125 0.0578125
0 0.87265625 0.1578125 0.0890625 0.06484375
1 0.56171875 0.1640625 0.03359375 0.06484375
1 0.4609375 0.16796875 0.03828125 0.06953125
0 0.66953125 0.17890625 0.09609375 0.07421875
1 0.51171875 0.1828125 0.03828125 0.0734375
1 0.76953125 0.21640625 0.0515625 0.0828125
1 0.3875 0.25390625 0.0515625 0.0890625
1 0.975 0.25546875 0.04609375 0.0875
1 0.46640625 0.253125 0.04765625 0.0875
1 0.91640625 0.27890625 0.04296875 0.0921875
1 0.56015625 0.3109375 0.05703125 0.10234375
1 0.85546875 0.31953125 0.05078125 0.1078125
1 0.20234375 0.32109375 0.06640625 0.11484375
1 0.96796875 0.36640625 0.0640625 0.11328125
1 0.3140625 0.35078125 0.0640625 0.1234375
1 0.4796875 0.36328125 0.0625 0.12734375
1 0.90859375 0.5046875 0.07265625 0.16875
0 0.36875 0.5890625 0.3703125 0.27578125
1 0.7515625 0.096875 0.0265625 0.0515625
1 0.93671875 0.0953125 0.02890625 0.04921875\n