0 0.33671875 0.13359375 0.08125 0.059375
1 0.2421875 0.1453125 0.03125 0.0515625
0 0.47734375 0.1578125 0.084375 0.06484375
0 0.1078125 0.1625 0.0859375 0.06328125
1 0.0203125 0.1671875 0.03125 0.05625
1 0.18359375 0.17265625 0.03359375 0.059375
1 0.5203125 0.2 0.04296875 0.06484375
1 0.21953125 0.26640625 0.0578125 0.08203125
1 0.4875 0.2734375 0.0484375 0.090625
0 0.35859375 0.29765625 0.146875 0.12890625
1 0.0484375 0.37421875 0.053125 0.11171875
0 0.63125 0.396875 0.23828125 0.2453125
1 0.18125 0.38046875 0.07109375 0.115625
0 0.3234375 0.57734375 0.24765625 0.22109375
0 0.215625 0.07734375 0.04921875 0.034375
1 0.815625 0.73515625 0.125 0.2484375
0 0.240625 0.0984375 0.05625 0.0375\n