2 0.27578125 0.13359375 0.04921875 0.053125
0 0.58828125 0.14375 0.0328125 0.025
0 0.7125 0.14765625 0.0296875 0.025
2 0.67734375 0.1546875 0.0515625 0.05078125
0 0.7765625 0.24140625 0.0828125 0.0484375
0 0.91171875 0.29375 0.07578125 0.08203125
0 0.7828125 0.34609375 0.1375 0.090625
1 0.321875 0.36328125 0.04296875 0.0765625
1 0.1234375 0.3890625 0.05 0.09375
1 0.265625 0.4125 0.06015625 0.0921875
1 0.16171875 0.50390625 0.08203125 0.11328125
1 0.0921875 0.60859375 0.075 0.14765625
1 0.2203125 0.6640625 0.090625 0.16171875
0 0.63984375 0.07109375 0.01796875 0.01640625
0 0.68359375 0.1046875 0.03125 0.02578125
0 0.63671875 0.1109375 0.0265625 0.01875\n