0 0.784375 0.37734375 0.03828125 0.02265625
0 0.83984375 0.3859375 0.03984375 0.0296875
0 0.91953125 0.3875 0.03671875 0.025
0 0.78671875 0.44140625 0.07109375 0.05859375
3 0.5828125 0.4453125 0.1453125 0.1140625
2 0.9640625 0.4578125 0.071875 0.09375
1 0.87734375 0.46640625 0.021875 0.0421875
1 0.46875 0.48125 0.03125 0.040625
1 0.64375 0.509375 0.0328125 0.05234375
1 0.8234375 0.51328125 0.03671875 0.059375
1 0.71484375 0.55234375 0.03671875 0.07578125
0 0.5578125 0.609375 0.18046875 0.1453125
1 0.9578125 0.68984375 0.059375 0.12265625\n