0 0.54140625 0.18359375 0.0515625 0.0515625
0 0.44453125 0.18828125 0.07265625 0.07734375
0 0.3890625 0.19140625 0.04921875 0.04765625
0 0.44375 0.26171875 0.07578125 0.07421875
1 0.25859375 0.2828125 0.03671875 0.0671875
1 0.73671875 0.29296875 0.03515625 0.08671875
0 0.44609375 0.41953125 0.13046875 0.1390625
1 0.20234375 0.41015625 0.04453125 0.09140625
1 0.04296875 0.4328125 0.0609375 0.10703125
0 0.178125 0.584375 0.24140625 0.2546875
0 0.61640625 0.12734375 0.03828125 0.03125
0 0.66171875 0.16171875 0.04453125 0.04609375\n