0 0.54140625 0.13984375 0.053125 0.04375
0 0.60859375 0.15546875 0.06640625 0.0484375
1 0.23203125 0.16953125 0.03359375 0.05078125
1 0.3234375 0.1765625 0.0265625 0.05859375
0 0.115625 0.19765625 0.1125 0.05546875
0 0.70234375 0.2671875 0.12421875 0.109375
0 0.09453125 0.30234375 0.18828125 0.16640625
1 0.44609375 0.29140625 0.0484375 0.09140625
1 0.58046875 0.3046875 0.0390625 0.08359375
1 0.22265625 0.3265625 0.04921875 0.090625
1 0.5078125 0.33671875 0.04375 0.0953125
1 0.76484375 0.37265625 0.05390625 0.1046875
1 0.1703125 0.36328125 0.059375 0.1109375
1 0.41953125 0.37578125 0.046875 0.10234375
1 0.63359375 0.3875 0.0484375 0.1
1 0.72578125 0.42578125 0.04921875 0.1171875
1 0.56953125 0.4625 0.059375 0.12265625
1 0.21875 0.46953125 0.06796875 0.11875
0 0.06640625 0.55625 0.13046875 0.2515625
1 0.6125 0.54375 0.07734375 0.140625
0 0.83671875 0.65234375 0.27265625 0.30234375
1 0.075 0.71875 0.12578125 0.1703125
0 0.434375 0.75703125 0.3109375 0.4703125
0 0.5234375 0.09296875 0.034375 0.02890625
0 0.6203125 0.10859375 0.03984375 0.03359375\n