2 0.73125 0.2125 0.03671875 0.08125
0 0.825 0.2203125 0.03046875 0.04375
0 0.6796875 0.22109375 0.0390625 0.04609375
0 0.6203125 0.30078125 0.05703125 0.075
0 0.821875 0.3390625 0.06171875 0.103125
1 0.70625 0.38515625 0.03046875 0.09375
1 0.728125 0.45859375 0.02578125 0.1203125
1 0.68046875 0.45859375 0.03203125 0.140625
0 0.45078125 0.5265625 0.18515625 0.20078125
0 0.803125 0.53203125 0.125 0.24921875
1 0.56640625 0.58828125 0.06796875 0.184375
1 0.6703125 0.61015625 0.05859375 0.2109375
1 0.54296875 0.86796875 0.08046875 0.26328125
1 0.61328125 0.40078125 0.02890625 0.12578125\n