0 0.5140625 0.17421875 0.1765625 0.11796875
1 0.20234375 0.1796875 0.0515625 0.10234375
1 0.6640625 0.20703125 0.06171875 0.11484375
1 0.3125 0.23125 0.06640625 0.11953125
1 0.5359375 0.26328125 0.06484375 0.1203125
0 0.95859375 0.31640625 0.08125 0.14609375
1 0.2421875 0.3046875 0.06953125 0.115625
3 0.80078125 0.42890625 0.36015625 0.37734375
0 0.3734375 0.4921875 0.2921875 0.19765625
1 0.0609375 0.48984375 0.08125 0.17265625
0 0.86015625 0.06171875 0.0921875 0.071875
1 0.63984375 0.06875 0.03828125 0.07890625
0 0.92890625 0.09453125 0.13046875 0.10546875
1 0.778125 0.08984375 0.04609375 0.07734375
1 0.6984375 0.10546875 0.0484375 0.08515625\n