0 0.3234375 0.128125 0.07734375 0.06171875
0 0.20546875 0.14140625 0.07421875 0.05078125
1 0.06328125 0.140625 0.03046875 0.04609375
1 0.46328125 0.14609375 0.03203125 0.05234375
1 0.25390625 0.15703125 0.0265625 0.053125
1 0.38046875 0.21640625 0.03984375 0.0671875
1 0.5453125 0.21484375 0.03828125 0.06796875
1 0.43515625 0.240625 0.0515625 0.07890625
0 0.31796875 0.26171875 0.13359375 0.1078125
1 0.1046875 0.25859375 0.04140625 0.07421875
1 0.17734375 0.31015625 0.046875 0.09375
0 0.628125 0.34140625 0.18046875 0.14765625
1 0.34453125 0.34296875 0.07265625 0.10859375
1 0.8265625 0.5375 0.10703125 0.16015625
0 0.39140625 0.6171875 0.284375 0.28125
1 0.80625 0.79609375 0.14921875 0.159375
0 0.21875 0.10625 0.0625 0.03359375\n