0 0.78125 0.16796875 0.01796875 0.01953125
0 0.74140625 0.16875 0.02109375 0.02890625
0 0.8234375 0.21953125 0.03359375 0.03046875
1 0.68359375 0.2640625 0.01953125 0.071875
0 0.81640625 0.33125 0.06953125 0.0765625
1 0.6953125 0.4203125 0.0296875 0.134375
0 0.803125 0.46640625 0.09140625 0.15546875
1 0.53515625 0.46875 0.0484375 0.14375
1 0.475 0.46875 0.04921875 0.15625
1 0.62890625 0.5984375 0.05625 0.18671875
0 0.76875 0.653125 0.13359375 0.29296875
1 0.4921875 0.671875 0.065625 0.21171875\n