0 0.61015625 0.18046875 0.109375 0.15078125
1 0.7453125 0.16875 0.03828125 0.09921875
0 0.39765625 0.2234375 0.13046875 0.15390625
0 0.88125 0.265625 0.1703125 0.18828125
1 0.75234375 0.2703125 0.05625 0.1265625
1 0.1875 0.29296875 0.053125 0.16171875
1 0.7046875 0.33984375 0.04609375 0.13515625
1 0.815625 0.4625 0.06875 0.1671875
0 0.2375 0.54296875 0.27578125 0.3171875
0 0.4578125 0.6296875 0.24296875 0.4015625
1 0.39609375 0.06328125 0.03125 0.07734375
1 0.3515625 0.0703125 0.03046875 0.07578125
1 0.9515625 0.83046875 0.0828125 0.23125
0 0.48125 0.0890625 0.0796875 0.0890625
1 0.69609375 0.1140625 0.03359375 0.0859375
1 0.80078125 0.1421875 0.0328125 0.09765625\n