0 0.55234375 0.13203125 0.0546875 0.034375
0 0.65703125 0.1578125 0.04609375 0.0421875
2 0.72265625 0.178125 0.0828125 0.1078125
3 0.41796875 0.19140625 0.16171875 0.1265625
1 0.25703125 0.20625 0.03203125 0.04375
1 0.1765625 0.21953125 0.03359375 0.04921875
2 0.51015625 0.2359375 0.09921875 0.1015625
0 0.6078125 0.02578125 0.021875 0.01484375
0 0.66015625 0.278125 0.109375 0.0734375
2 0.690625 0.034375 0.028125 0.02578125
0 0.63671875 0.03515625 0.025 0.01484375
0 0.71328125 0.04765625 0.0296875 0.02109375
0 0.44609375 0.496875 0.1984375 0.14765625
0 0.6015625 0.0515625 0.0265625 0.02265625
0 0.66796875 0.06484375 0.03671875 0.02578125\n