1 0.3328125 0.12421875 0.0265625 0.04921875
1 0.08125 0.14609375 0.0265625 0.03828125
1 0.01875 0.1765625 0.0359375 0.05
1 0.24765625 0.1859375 0.03828125 0.06171875
2 0.85390625 0.26328125 0.196875 0.1375
2 0.2421875 0.02890625 0.07265625 0.0546875
2 0.5671875 0.31328125 0.146875 0.1921875
1 0.96484375 0.34453125 0.06953125 0.1265625
0 0.7328125 0.37421875 0.16015625 0.11875
0 0.5203125 0.00703125 0.0234375 0.01328125
0 0.52578125 0.06640625 0.034375 0.0296875
0 0.59609375 0.08046875 0.04765625 0.0359375
0 0.5875 0.00859375 0.021875 0.01640625
1 0.18828125 0.103125 0.01640625 0.034375
1 0.16015625 0.1171875 0.01953125 0.03984375
1 0.1171875 0.1171875 0.021875 0.034375\n