1 0.2953125 0.13046875 0.0234375 0.040625
1 0.44609375 0.1640625 0.0265625 0.05390625
1 0.103125 0.20859375 0.0328125 0.06875
0 0.790625 0.240625 0.10234375 0.078125
1 0.346875 0.24375 0.04609375 0.075
0 0.7890625 0.0328125 0.028125 0.02109375
0 0.859375 0.41015625 0.16328125 0.13515625
1 0.3015625 0.41328125 0.07578125 0.12109375
0 0.70234375 0.0546875 0.04609375 0.03359375
0 0.7421875 0.0078125 0.021875 0.015625
1 0.38359375 0.10703125 0.02734375 0.040625
0 0.80859375 0.0109375 0.028125 0.01875\n