0 0.58515625 0.13046875 0.04609375 0.0375
0 0.36328125 0.1421875 0.053125 0.0375
1 0.33515625 0.1640625 0.025 0.03984375
0 0.60546875 0.1703125 0.06640625 0.05078125
3 0.45625 0.1734375 0.10390625 0.11796875
0 0.06953125 0.1953125 0.1171875 0.0546875
1 0.2078125 0.1984375 0.03828125 0.05234375
1 0.2859375 0.228125 0.03828125 0.053125
1 0.0546875 0.2625 0.03984375 0.0609375
0 0.64296875 0.2625 0.09609375 0.08203125
1 0.5484375 0.2578125 0.03671875 0.07421875
1 0.40859375 0.27265625 0.04140625 0.07421875
1 0.33515625 0.2671875 0.04296875 0.0734375
0 0.12734375 0.2828125 0.1484375 0.084375
1 0.28125 0.30859375 0.053125 0.096875
1 0.18515625 0.32109375 0.0578125 0.0859375
0 0.4765625 0.33828125 0.12890625 0.1328125
1 0.64296875 0.36640625 0.0515625 0.09921875
1 0.1296875 0.41015625 0.0609375 0.10546875
1 0.78359375 0.5234375 0.06953125 0.14140625
0 0.578125 0.5796875 0.2046875 0.253125
1 0.22578125 0.5609375 0.06640625 0.1609375
0 0.515625 0.0859375 0.034375 0.02578125
0 0.5734375 0.0921875 0.03984375 0.025
1 0.55390625 0.8828125 0.13515625 0.23203125\n