1 0.33515625 0.13828125 0.03359375 0.0421875
2 0.571875 0.1640625 0.0875 0.08671875
0 0.053125 0.19765625 0.07421875 0.05546875
1 0.23515625 0.2234375 0.02890625 0.05625
1 0.28515625 0.3765625 0.053125 0.09765625
0 0.50078125 0.040625 0.028125 0.02109375
0 0.740625 0.4703125 0.2296875 0.203125
0 0.559375 0.05 0.0328125 0.02890625
1 0.346875 0.5 0.0578125 0.13046875
0 0.45546875 0.06015625 0.025 0.01953125
0 0.4328125 0.0703125 0.04140625 0.03125
0 0.86328125 0.73046875 0.26953125 0.2640625
1 0.34140625 0.08046875 0.02109375 0.0296875
0 0.51171875 0.0859375 0.04140625 0.03125
2 0.05078125 0.0890625 0.0578125 0.04609375\n