0 0.41875 0.20390625 0.03671875 0.034375
0 0.309375 0.2046875 0.034375 0.0328125
0 0.35546875 0.24140625 0.04921875 0.04921875
0 0.4515625 0.28203125 0.0515625 0.0578125
0 0.25078125 0.284375 0.06640625 0.06796875
1 0.1421875 0.30546875 0.0265625 0.0546875
1 0.1984375 0.3234375 0.02890625 0.059375
1 0.4390625 0.36171875 0.0328125 0.06796875
1 0.06484375 0.3734375 0.040625 0.07421875
1 0.153125 0.38203125 0.03671875 0.07421875
0 0.2609375 0.41484375 0.12421875 0.13203125
1 0.10390625 0.4296875 0.0453125 0.0859375
2 0.54375 0.45625 0.1453125 0.2296875
1 0.37421875 0.53203125 0.0484375 0.13203125
1 0.30234375 0.70703125 0.0609375 0.17109375\n