0 0.971875 0.2671875 0.053125 0.05546875
1 0.71015625 0.27109375 0.03828125 0.06484375
0 0.571875 0.30078125 0.13203125 0.12265625
0 0.3421875 0.32734375 0.10390625 0.078125
0 0.9765625 0.3296875 0.04296875 0.084375
0 0.765625 0.334375 0.11875 0.0859375
1 0.41015625 0.34453125 0.05 0.08203125
1 0.871875 0.346875 0.0484375 0.08359375
0 0.58203125 0.38046875 0.16015625 0.109375
0 0.27265625 0.40546875 0.21328125 0.203125
1 0.15078125 0.40078125 0.046875 0.0984375
0 0.58515625 0.4734375 0.19140625 0.1453125
1 0.92734375 0.45234375 0.07265625 0.128125
1 0.07109375 0.46171875 0.05625 0.11328125
1 0.34140625 0.49375 0.06953125 0.12265625
1 0.240625 0.5453125 0.06953125 0.0953125
1 0.39375 0.59140625 0.08125 0.15390625
1 0.08125 0.60859375 0.075 0.1453125
0 0.22890625 0.68046875 0.26640625 0.1875
1 0.48515625 0.69765625 0.10234375 0.1671875
1 0.203125 0.77109375 0.09765625 0.19453125
1 0.421875 0.79296875 0.14453125 0.2015625
1 0.93046875 0.80078125 0.11875 0.19140625
1 0.60390625 0.85859375 0.14296875 0.2046875\n