1 0.3 0.10703125 0.021875 0.08984375
1 0.39765625 0.11015625 0.0234375 0.06484375
1 0.26640625 0.121875 0.02578125 0.09609375
1 0.41796875 0.15625 0.0265625 0.08359375
1 0.62890625 0.23671875 0.03828125 0.0640625
1 0.46796875 0.28359375 0.05546875 0.13359375
1 0.51484375 0.48203125 0.07109375 0.2
1 0.59609375 0.49453125 0.05625 0.18359375
1 0.68984375 0.55703125 0.065625 0.17578125
1 0.24375 0.05078125 0.02265625 0.06875
1 0.734375 0.77890625 0.0984375 0.23984375
0 0.35078125 0.08203125 0.05078125 0.0609375\n