0 0.6234375 0.15 0.0296875 0.02109375
0 0.2703125 0.19453125 0.01484375 0.025
1 0.453125 0.1953125 0.01484375 0.02109375
0 0.3109375 0.2 0.04140625 0.02265625
2 0.11875 0.20234375 0.06796875 0.05703125
1 0.23984375 0.20625 0.028125 0.03671875
1 0.43515625 0.21875 0.021875 0.0375
1 0.38984375 0.21640625 0.01953125 0.03203125
0 0.64453125 0.23125 0.04765625 0.03359375
1 0.33203125 0.24453125 0.021875 0.0421875
0 0.58984375 0.26015625 0.0625 0.05
1 0.02109375 0.2828125 0.025 0.0484375
1 0.06953125 0.32109375 0.0296875 0.05625
1 0.26171875 0.33671875 0.03125 0.0625
2 0.45234375 0.4 0.12578125 0.1796875
0 0.7328125 0.45390625 0.13046875 0.090625\n