0 0.56640625 0.171875 0.04765625 0.04765625
0 0.4625 0.24609375 0.07578125 0.06796875
1 0.47734375 0.32421875 0.0421875 0.0828125
1 0.43125 0.32890625 0.03359375 0.07734375
0 0.54453125 0.3453125 0.09609375 0.1171875
1 0.36171875 0.41328125 0.04296875 0.109375
1 0.65078125 0.421875 0.03984375 0.10390625
1 0.43203125 0.47734375 0.0375 0.11796875
1 0.50390625 0.48203125 0.04296875 0.1234375
1 0.7765625 0.4953125 0.0515625 0.13203125
1 0.29609375 0.5578125 0.0640625 0.1421875
1 0.38203125 0.575 0.0609375 0.14296875
0 0.546875 0.140625 0.03671875 0.034375
2 0.665625 0.16328125 0.059375 0.0859375\n