1 0.37421875 0.18203125 0.025 0.0515625
2 0.503125 0.19921875 0.0828125 0.1390625
1 0.18671875 0.2140625 0.03046875 0.06171875
0 0.62734375 0.24453125 0.0875 0.0859375
1 0.41484375 0.23359375 0.03984375 0.08515625
1 0.29609375 0.28984375 0.0328125 0.08515625
1 0.7171875 0.57734375 0.0671875 0.15390625
0 0.46171875 0.0765625 0.0328125 0.0328125
0 0.5265625 0.078125 0.034375 0.03125
0 0.40078125 0.0859375 0.04296875 0.03671875
0 0.590625 0.13984375 0.0578125 0.04765625
1 0.31015625 0.15234375 0.02265625 0.05078125\n