2 0.28046875 0.19296875 0.16171875 0.13125
2 0.55546875 0.2125 0.18203125 0.2125
1 0.16328125 0.21484375 0.04765625 0.1
1 0.43125 0.26328125 0.06171875 0.115625
0 0.0625 0.3015625 0.125 0.134375
0 0.15390625 0.03984375 0.06640625 0.04375
2 0.32421875 0.40625 0.23828125 0.33125
0 0.28125 0.0421875 0.06796875 0.05546875
1 0.16171875 0.38203125 0.075 0.1453125
1 0.50078125 0.3875 0.0734375 0.1421875
0 0.84453125 0.63984375 0.3109375 0.2546875
1 0.2328125 0.67890625 0.1171875 0.2265625
0 0.2734375 0.103125 0.07578125 0.05\n