1 0.3125 0.16328125 0.0421875 0.0953125
1 0.2265625 0.17109375 0.04296875 0.096875
1 0.03046875 0.21015625 0.0515625 0.0796875
1 0.11640625 0.21796875 0.0484375 0.109375
1 0.44609375 0.23828125 0.04765625 0.0875
0 0.58203125 0.271875 0.140625 0.16875
1 0.33515625 0.26171875 0.0484375 0.12890625
1 0.15859375 0.3234375 0.0546875 0.12421875
1 0.365625 0.3390625 0.0390625 0.13359375
1 0.27734375 0.38984375 0.06875 0.14609375
1 0.45 0.396875 0.06796875 0.153125
1 0.13046875 0.4625 0.08203125 0.153125
1 0.37421875 0.56015625 0.06484375 0.17421875
0 0.6796875 0.6328125 0.2546875 0.365625
1 0.35078125 0.0921875 0.028125 0.04609375
1 0.54765625 0.109375 0.0328125 0.07109375\n