1 0.4703125 0.43671875 0.05703125 0.06171875
1 0.76875 0.47421875 0.040625 0.06328125
1 0.29296875 0.4921875 0.08359375 0.07734375
1 0.82421875 0.51171875 0.04453125 0.06484375
1 0.53671875 0.53984375 0.071875 0.090625
1 0.67109375 0.5625 0.0609375 0.09375
1 0.74140625 0.56953125 0.04921875 0.084375
0 0.959375 0.60078125 0.0796875 0.18359375
1 0.821875 0.60703125 0.071875 0.11640625
0 0.12421875 0.66640625 0.24609375 0.246875
1 0.6828125 0.67734375 0.07578125 0.11953125
1 0.2984375 0.690625 0.13046875 0.146875
0 0.6984375 0.8578125 0.38671875 0.28046875
1 0.36953125 0.853125 0.16328125 0.1875\n