1 0.5859375 0.4546875 0.0484375 0.0625
1 0.3625 0.47578125 0.06875 0.06796875
0 0.9515625 0.52890625 0.09609375 0.09296875
1 0.73125 0.55390625 0.05625 0.0828125
1 0.88203125 0.56640625 0.04140625 0.07109375
1 0.46171875 0.571875 0.07265625 0.09609375
1 0.340625 0.57421875 0.078125 0.09140625
1 0.80703125 0.58671875 0.05625 0.09375
1 0.05625 0.58515625 0.1078125 0.11796875
1 0.54375 0.6015625 0.059375 0.0765625
1 0.70859375 0.64765625 0.0703125 0.0921875
0 0.86875 0.703125 0.20859375 0.18203125
1 0.07421875 0.728125 0.140625 0.15234375
0 0.4328125 0.790625 0.4046875 0.3234375\n