0 0.3125 0.16796875 0.03671875 0.04609375
0 0.25546875 0.18828125 0.028125 0.0265625
0 0.43359375 0.20390625 0.034375 0.03125
0 0.44921875 0.2453125 0.059375 0.059375
1 0.3453125 0.2421875 0.03125 0.05
1 0.25234375 0.28984375 0.02890625 0.059375
1 0.1484375 0.29140625 0.0359375 0.06328125
0 0.490625 0.34375 0.09609375 0.10078125
0 0.20546875 0.3828125 0.09921875 0.09921875
1 0.30625 0.390625 0.03515625 0.08828125
1 0.4375 0.4765625 0.0484375 0.1109375
1 0.61640625 0.54375 0.0671875 0.1390625
1 0.09921875 0.584375 0.10234375 0.159375
0 0.371875 0.703125 0.2 0.3203125
1 0.19765625 0.66875 0.0546875 0.17734375
1 0.121875 0.8015625 0.06953125 0.24453125\n