0 0.74140625 0.16875 0.021875 0.0296875
0 0.7390625 0.23046875 0.0359375 0.05859375
0 0.6921875 0.23046875 0.0359375 0.046875
0 0.82265625 0.2390625 0.03046875 0.028125
1 0.77109375 0.25234375 0.0203125 0.06171875
0 0.81484375 0.33046875 0.06328125 0.0765625
1 0.64296875 0.328125 0.0265625 0.0890625
0 0.803125 0.44453125 0.0890625 0.15390625
1 0.5640625 0.55703125 0.06015625 0.2
1 0.665625 0.55 0.04921875 0.18515625
0 0.76796875 0.64765625 0.13359375 0.290625
0 0.3 0.81953125 0.27421875 0.359375\n