1 0.63125 0.25859375 0.01953125 0.03984375
0 0.3171875 0.32890625 0.10234375 0.06484375
1 0.528125 0.3359375 0.0265625 0.0703125
1 0.8140625 0.34140625 0.0265625 0.07578125
1 0.7078125 0.359375 0.03671875 0.07890625
1 0.48671875 0.40625 0.03828125 0.08046875
1 0.27109375 0.45546875 0.0328125 0.090625
1 0.63984375 0.4484375 0.03828125 0.1015625
1 0.81484375 0.521875 0.0515625 0.1203125
1 0.2453125 0.56015625 0.06796875 0.1140625
1 0.94140625 0.54921875 0.0515625 0.134375
0 0.6421875 0.71171875 0.2015625 0.2921875
1 0.08671875 0.73359375 0.09609375 0.171875\n