0 0.63046875 0.13984375 0.1703125 0.14375
0 0.92734375 0.1515625 0.1421875 0.1265625
1 0.0703125 0.05390625 0.08125 0.07265625
1 0.26640625 0.1390625 0.07421875 0.11328125
1 0.40078125 0.20859375 0.08125 0.12890625
1 0.25390625 0.21484375 0.078125 0.1265625
1 0.871875 0.02578125 0.04765625 0.05078125
0 0.08046875 0.27265625 0.15703125 0.18984375
1 0.93125 0.26171875 0.0765625 0.146875
0 0.50859375 0.03203125 0.1265625 0.0640625
1 0.38046875 0.03515625 0.04296875 0.06796875
1 0.90546875 0.34453125 0.09140625 0.1578125
1 0.1984375 0.35078125 0.078125 0.1796875
0 0.709375 0.04375 0.1390625 0.08671875
0 0.790625 0.503125 0.253125 0.23359375
1 0.17578125 0.0546875 0.04609375 0.08828125
3 0.47734375 0.67109375 0.52578125 0.65546875
1 0.47421875 0.06328125 0.0578125 0.090625\n