1 0.23984375 0.1375 0.028125 0.05625
1 0.171875 0.1671875 0.0265625 0.046875
0 0.70390625 0.215625 0.12734375 0.1140625
1 0.32890625 0.2296875 0.0390625 0.0765625
2 0.38671875 0.02578125 0.0609375 0.05
1 0.2421875 0.26171875 0.05625 0.0765625
1 0.39609375 0.26953125 0.05390625 0.09296875
1 0.16328125 0.2953125 0.05625 0.0921875
1 0.57421875 0.31171875 0.06484375 0.11640625
1 0.13515625 0.36796875 0.0671875 0.1109375
1 0.67734375 0.44921875 0.08359375 0.13828125
1 0.90234375 0.51875 0.08671875 0.1609375
0 0.36875 0.0578125 0.0609375 0.03984375
1 0.10546875 0.5625 0.096875 0.1703125
0 0.4609375 0.671875 0.29765625 0.27578125
0 0.4515625 0.10390625 0.07578125 0.059375
0 0.59609375 0.11484375 0.0859375 0.06171875\n