0 0.7921875 0.34140625 0.03828125 0.02265625
2 0.7171875 0.3484375 0.04453125 0.05234375
0 0.80078125 0.37265625 0.03984375 0.02890625
0 0.76953125 0.4046875 0.053125 0.0359375
1 0.3515625 0.39921875 0.02109375 0.03671875
0 0.56171875 0.43359375 0.06640625 0.04375
1 0.32421875 0.440625 0.028125 0.03984375
0 0.78984375 0.45859375 0.07578125 0.0609375
1 0.01328125 0.51796875 0.0234375 0.05703125
2 0.48984375 0.55234375 0.16875 0.1609375
2 0.728125 0.55859375 0.1375 0.15546875
0 0.23359375 0.77578125 0.2515625 0.15234375\n