0 0.74296875 0.16875 0.0234375 0.03046875
0 0.78515625 0.196875 0.02890625 0.034375
0 0.7859375 0.20625 0.028125 0.02109375
0 0.82421875 0.21796875 0.03203125 0.0296875
0 0.825 0.25546875 0.03828125 0.05625
1 0.70546875 0.25234375 0.021875 0.05859375
1 0.6640625 0.3046875 0.02734375 0.08046875
0 0.815625 0.334375 0.06796875 0.08828125
1 0.61875 0.31875 0.025 0.08515625
1 0.71875 0.3546875 0.0328125 0.1203125
0 0.803125 0.4640625 0.08984375 0.16796875
1 0.51328125 0.88515625 0.08828125 0.228125\n