1 0.646875 0.28359375 0.01875 0.06328125
0 0.8109375 0.3015625 0.065625 0.10859375
1 0.540625 0.29453125 0.02421875 0.08828125
1 0.67421875 0.296875 0.01953125 0.06484375
0 0.278125 0.309375 0.11953125 0.1296875
0 0.17734375 0.321875 0.12734375 0.146875
0 0.065625 0.321875 0.128125 0.225
1 0.728125 0.33046875 0.0203125 0.06640625
1 0.68203125 0.37421875 0.02265625 0.09453125
0 0.815625 0.3984375 0.06796875 0.12578125
1 0.59296875 0.38359375 0.03828125 0.13828125
1 0.078125 0.69453125 0.128125 0.35703125\n