0 0.58203125 0.1328125 0.028125 0.02109375
0 0.4875 0.13359375 0.028125 0.01875
0 0.67109375 0.1515625 0.0328125 0.02734375
0 0.51953125 0.1703125 0.03984375 0.0234375
1 0.36953125 0.18125 0.021875 0.03671875
0 0.31484375 0.18671875 0.04765625 0.02734375
1 0.47578125 0.1875 0.01875 0.03359375
1 0.3046875 0.2453125 0.025 0.0375
1 0.2609375 0.25390625 0.0265625 0.04921875
2 0.7796875 0.27890625 0.1390625 0.1265625
1 0.1171875 0.30390625 0.03203125 0.05546875
1 0.21640625 0.32265625 0.03984375 0.06875
1 0.05390625 0.41796875 0.0625 0.0890625
1 0.0296875 0.603125 0.059375 0.13203125
0 0.62734375 0.11015625 0.01953125 0.01953125
2 0.6890625 0.1125 0.025 0.0234375\n