0 0.15625 0.14296875 0.0609375 0.034375
0 0.084375 0.15859375 0.0609375 0.03984375
1 0.13828125 0.17734375 0.02890625 0.04609375
0 0.29140625 0.19453125 0.07734375 0.06484375
1 0.19765625 0.24296875 0.03203125 0.06171875
0 0.37265625 0.26328125 0.10234375 0.071875
1 0.23046875 0.27890625 0.03671875 0.071875
1 0.12734375 0.33984375 0.05 0.08515625
0 0.46328125 0.3890625 0.18046875 0.14609375
1 0.0875 0.4453125 0.0625 0.11953125
0 0.23046875 0.675 0.27734375 0.29375
0 0.8078125 0.84921875 0.38203125 0.296875\n