0 0.7875 0.159375 0.01796875 0.01953125
0 0.825 0.21640625 0.03046875 0.02578125
0 0.68125 0.21953125 0.03828125 0.04296875
0 0.82421875 0.24609375 0.03125 0.03359375
1 0.69921875 0.2640625 0.02421875 0.06875
0 0.64140625 0.27734375 0.0625 0.071875
0 0.81484375 0.33203125 0.06875 0.07890625
1 0.609375 0.403125 0.03828125 0.13125
1 0.53515625 0.44140625 0.0390625 0.13046875
3 0.803125 0.4578125 0.0890625 0.1734375
1 0.58203125 0.4765625 0.03671875 0.15078125
1 0.45546875 0.6796875 0.07421875 0.2390625\n