1 0.26953125 0.0984375 0.025 0.08203125
1 0.23359375 0.1046875 0.02421875 0.08359375
2 0.40703125 0.1453125 0.07890625 0.18359375
1 0.4984375 0.18125 0.04375 0.07421875
0 0.340625 0.021875 0.025 0.0296875
1 0.3546875 0.1953125 0.028125 0.11484375
1 0.29453125 0.19921875 0.028125 0.1203125
1 0.49765625 0.24921875 0.03671875 0.09453125
1 0.52265625 0.34921875 0.04296875 0.13828125
1 0.5828125 0.47578125 0.06015625 0.1734375
1 0.703125 0.65546875 0.09296875 0.19921875
1 0.80078125 0.69921875 0.08046875 0.18046875
1 0.8359375 0.9 0.10078125 0.1984375\n