0 0.696875 0.2578125 0.03046875 0.0390625
0 0.65546875 0.28671875 0.05078125 0.06875
0 0.8109375 0.3015625 0.06328125 0.10390625
0 0.328125 0.3125 0.08984375 0.1296875
0 0.065625 0.31953125 0.12890625 0.23046875
0 0.18203125 0.3203125 0.12109375 0.140625
1 0.69140625 0.37265625 0.02578125 0.09140625
0 0.8140625 0.396875 0.06796875 0.13125
1 0.5515625 0.39375 0.03203125 0.134375
1 0.621875 0.41484375 0.03046875 0.13828125
1 0.1734375 0.4109375 0.08046875 0.18203125
1 0.4734375 0.615625 0.06328125 0.26015625\n