1 0.4578125 0.2125 0.0234375 0.05546875
1 0.31015625 0.24921875 0.025 0.0578125
1 0.3671875 0.26875 0.0328125 0.0671875
1 0.696875 0.3078125 0.03203125 0.0875
1 0.59375 0.3328125 0.034375 0.09140625
0 0.259375 0.35546875 0.11875 0.10546875
1 0.13359375 0.3890625 0.0453125 0.08828125
1 0.3578125 0.42421875 0.046875 0.10234375
1 0.23046875 0.54140625 0.0734375 0.13203125
0 0.475 0.65390625 0.18359375 0.259375
1 0.696875 0.6296875 0.059375 0.1734375
1 0.89453125 0.840625 0.096875 0.26953125
0 0.55703125 0.1046875 0.0296875 0.0265625
0 0.5078125 0.15859375 0.03671875 0.03828125\n