0 0.40859375 0.315625 0.053125 0.0359375
0 0.22890625 0.32109375 0.06796875 0.05078125
1 0.321875 0.33984375 0.03125 0.0453125
0 0.15390625 0.34921875 0.07578125 0.040625
0 0.25078125 0.4859375 0.146875 0.109375
0 0.059375 0.49296875 0.115625 0.103125
1 0.3921875 0.5140625 0.0515625 0.09609375
1 0.303125 0.5609375 0.0640625 0.11015625
1 0.496875 0.584375 0.04765625 0.12890625
1 0.4265625 0.5953125 0.06015625 0.1375
2 0.671875 0.703125 0.3078125 0.36484375
1 0.38359375 0.709375 0.08125 0.1625
1 0.103125 0.78203125 0.09921875 0.19140625
0 0.23984375 0.91484375 0.38984375 0.1671875\n