1 0.4609375 0.18359375 0.03984375 0.0859375
1 0.0828125 0.18046875 0.034375 0.090625
1 0.27890625 0.25234375 0.04296875 0.11171875
1 0.196875 0.26484375 0.05234375 0.11484375
2 0.6390625 0.36015625 0.18828125 0.29765625
1 0.12109375 0.40859375 0.071875 0.146875
1 0.03046875 0.41171875 0.0609375 0.15234375
2 0.3171875 0.6625 0.31875 0.659375
1 0.215625 0.0546875 0.028125 0.065625
1 0.25 0.06875 0.028125 0.05625
0 0.8171875 0.8015625 0.3484375 0.39375
1 0.08671875 0.77265625 0.08671875 0.23984375
1 0.1484375 0.0984375 0.0328125 0.071875
0 0.578125 0.1421875 0.10234375 0.140625
0 0.2265625 0.15859375 0.115625 0.1109375\n