1 0.37890625 0.11640625 0.03671875 0.05703125
1 0.64296875 0.21953125 0.04609375 0.0921875
1 0.72109375 0.24140625 0.06171875 0.1015625
0 0.90234375 0.34375 0.18046875 0.1375
0 0.44765625 0.0359375 0.05625 0.040625
3 0.415625 0.3890625 0.4 0.4703125
0 0.07265625 0.428125 0.1453125 0.2109375
1 0.61171875 0.0546875 0.0234375 0.0359375
0 0.915625 0.57734375 0.165625 0.284375
1 0.525 0.06484375 0.01953125 0.0375
0 0.67578125 0.07421875 0.07578125 0.05234375
1 0.5765625 0.08046875 0.0265625 0.046875
1 0.4890625 0.109375 0.04140625 0.059375\n