0 0.759375 0.32265625 0.05625 0.04921875
0 0.346875 0.38984375 0.10234375 0.0578125
1 0.77578125 0.421875 0.0296875 0.0703125
3 0.56953125 0.434375 0.18359375 0.21640625
1 0.82578125 0.4578125 0.03671875 0.06953125
1 0.70546875 0.475 0.040625 0.0890625
1 0.3140625 0.484375 0.03984375 0.08203125
1 0.3671875 0.528125 0.03984375 0.0625
1 0.88828125 0.521875 0.046875 0.1015625
1 0.71171875 0.6046875 0.053125 0.1234375
1 0.32578125 0.70625 0.06640625 0.146875
1 0.696875 0.71484375 0.0671875 0.165625
0 0.93046875 0.759375 0.13515625 0.2859375
1 0.09765625 0.753125 0.1 0.1796875
1 0.44921875 0.87734375 0.0984375 0.2421875\n