0 0.3984375 0.240625 0.03984375 0.03828125
0 0.26328125 0.24296875 0.0328125 0.025
0 0.2703125 0.26953125 0.04296875 0.03828125
2 0.4578125 0.28984375 0.07578125 0.10390625
0 0.24765625 0.309375 0.053125 0.04921875
0 0.334375 0.3125 0.0609375 0.06640625
0 0.21171875 0.41875 0.10234375 0.0921875
0 0.54140625 0.42734375 0.1140625 0.1203125
1 0.4203125 0.44296875 0.03125 0.06640625
1 0.04609375 0.51484375 0.04140625 0.06484375
1 0.3671875 0.57734375 0.03828125 0.08125
1 0.453125 0.58203125 0.04296875 0.08125
1 0.1859375 0.62421875 0.04921875 0.084375
1 0.434375 0.67578125 0.0546875 0.09765625
1 0.5078125 0.8328125 0.0625 0.12421875
1 0.12734375 0.88203125 0.0796875 0.15390625
1 0.67109375 0.9265625 0.0828125 0.1453125\n