3 0.81796875 0.35546875 0.0515625 0.0359375
0 0.85390625 0.3890625 0.04296875 0.03359375
0 0.96796875 0.40234375 0.04765625 0.03203125
0 0.7390625 0.4046875 0.04296875 0.03203125
0 0.79375 0.428125 0.05625 0.0375
0 0.98125 0.453125 0.0375 0.040625
0 0.8796875 0.459375 0.06640625 0.0484375
1 0.56484375 0.46484375 0.03203125 0.05078125
1 0.6640625 0.47109375 0.02890625 0.04765625
1 0.80078125 0.478125 0.03359375 0.053125
1 0.73203125 0.47734375 0.03515625 0.05
1 0.98203125 0.496875 0.0359375 0.0578125
1 0.75234375 0.5359375 0.03984375 0.06171875
1 0.7515625 0.53125 0.03125 0.06875
1 0.83515625 0.56015625 0.03671875 0.08359375
1 0.97265625 0.65390625 0.04609375 0.0984375
0 0.68671875 0.68203125 0.1953125 0.19453125
3 0.27421875 0.68671875 0.46640625 0.3734375
1 0.51171875 0.703125 0.05859375 0.1265625\n