1 0.26328125 0.10625 0.06640625 0.1125
1 0.34921875 0.13046875 0.0640625 0.115625
1 0.26484375 0.19921875 0.071875 0.1234375
1 0.11015625 0.33046875 0.09296875 0.165625
1 0.88671875 0.33046875 0.1078125 0.1703125
0 0.346875 0.38828125 0.32421875 0.259375
0 0.96328125 0.0453125 0.07265625 0.090625
1 0.43515625 0.04921875 0.04765625 0.08828125
1 0.37265625 0.04296875 0.04296875 0.0859375
1 0.509375 0.60234375 0.13515625 0.23515625
1 0.1515625 0.07890625 0.053125 0.084375
0 0.6265625 0.08828125 0.1703125 0.12890625
1 0.59375 0.83359375 0.1546875 0.30859375
1 0.98515625 0.1046875 0.0265625 0.065625
1 0.49453125 0.05546875 0.04453125 0.09296875\n