0 0.475 0.15078125 0.07421875 0.065625
1 0.39453125 0.15546875 0.0265625 0.05
0 0.71484375 0.0171875 0.03671875 0.02734375
1 0.75234375 0.1578125 0.04296875 0.071875
0 0.67421875 0.18515625 0.10078125 0.090625
0 0.83984375 0.20390625 0.10546875 0.0859375
1 0.26015625 0.2015625 0.04140625 0.06484375
1 0.3171875 0.19765625 0.04140625 0.071875
0 0.7671875 0.021875 0.03984375 0.034375
1 0.46875 0.22734375 0.04609375 0.0796875
1 0.3984375 0.22734375 0.04453125 0.07109375
1 0.15859375 0.25625 0.06484375 0.078125
1 0.80625 0.3234375 0.07109375 0.11171875
1 0.61484375 0.35703125 0.06640625 0.11796875
0 0.20390625 0.5015625 0.3703125 0.32734375
0 0.921875 0.50625 0.15625 0.24375
1 0.68828125 0.60390625 0.09453125 0.16640625
0 0.51171875 0.065625 0.0859375 0.07421875
1 0.29921875 0.71328125 0.1125 0.21484375
0 0.81484375 0.0828125 0.07109375 0.05859375
1 0.39921875 0.82109375 0.12421875 0.2234375
1 0.62578125 0.1046875 0.0234375 0.03984375
0 0.26640625 0.1234375 0.1140625 0.05546875\n