1 0.0265625 0.159375 0.05234375 0.0703125
2 0.2 0.22890625 0.175 0.2109375
1 0.29609375 0.21796875 0.0484375 0.09921875
1 0.3578125 0.2453125 0.0546875 0.090625
1 0.4796875 0.2609375 0.0625 0.06171875
1 0.025 0.31953125 0.04921875 0.12421875
0 0.51875 0.3625 0.1984375 0.14765625
0 0.2078125 0.040625 0.06953125 0.04609375
0 0.18671875 0.43828125 0.21796875 0.21328125
1 0.428125 0.48046875 0.096875 0.17265625
1 0.03125 0.6234375 0.06171875 0.19921875
0 0.7109375 0.7 0.425 0.35
0 0.1734375 0.075 0.07421875 0.0546875
1 0.278125 0.0875 0.03359375 0.05078125\n