0 0.634375 0.2953125 0.0234375 0.01640625
2 0.76484375 0.30546875 0.034375 0.03125
0 0.7890625 0.3328125 0.03828125 0.02578125
0 0.7015625 0.33828125 0.03984375 0.02109375
0 0.7890625 0.3765625 0.059375 0.040625
1 0.24375 0.46171875 0.04296875 0.05625
0 0.40625 0.48046875 0.09609375 0.0609375
0 0.55859375 0.48359375 0.10390625 0.07578125
0 0.71640625 0.49375 0.09609375 0.071875
1 0.01953125 0.49921875 0.0390625 0.0640625
0 0.253125 0.7046875 0.20859375 0.13515625
0 0.2703125 0.94140625 0.38203125 0.1140625\n