1 0.5796875 0.30078125 0.02890625 0.084375
0 0.065625 0.31875 0.12890625 0.22578125
0 0.178125 0.321875 0.12890625 0.1484375
1 0.7 0.3375 0.02890625 0.08046875
1 0.41015625 0.334375 0.03828125 0.1234375
1 0.65390625 0.3671875 0.0296875 0.103125
1 0.73046875 0.359375 0.02578125 0.09296875
1 0.58828125 0.371875 0.034375 0.11796875
0 0.8109375 0.41796875 0.08515625 0.14453125
1 0.55 0.45078125 0.0390625 0.16328125
1 0.67265625 0.44765625 0.03671875 0.140625
1 0.253125 0.66015625 0.0953125 0.3234375\n