0 0.77734375 0.3421875 0.06640625 0.05546875
0 0.65078125 0.34765625 0.0578125 0.04375
1 0.7015625 0.346875 0.021875 0.04375
0 0.55078125 0.36640625 0.06640625 0.05234375
0 0.803125 0.3671875 0.07109375 0.046875
1 0.4 0.36328125 0.0296875 0.04375
1 0.475 0.36640625 0.03046875 0.05078125
0 0.59375 0.384375 0.07109375 0.040625
1 0.528125 0.51875 0.05625 0.096875
1 0.65390625 0.54453125 0.06328125 0.103125
1 0.4890625 0.54921875 0.05390625 0.1109375
1 0.19453125 0.5515625 0.053125 0.0953125
1 0.09765625 0.58046875 0.05859375 0.09609375
0 0.33046875 0.621875 0.21015625 0.175
1 0.56484375 0.62109375 0.071875 0.12265625
1 0.0265625 0.6453125 0.053125 0.13125
1 0.715625 0.63984375 0.07109375 0.1296875
1 0.9203125 0.67890625 0.090625 0.14921875
1 0.0890625 0.690625 0.0671875 0.1421875
1 0.96953125 0.79765625 0.0609375 0.20078125
1 0.7890625 0.81796875 0.1125 0.20859375\n