0 0.86875 0.18984375 0.021875 0.01953125
0 0.84921875 0.2125 0.028125 0.0171875
0 0.64296875 0.21953125 0.0328125 0.01953125
0 0.6015625 0.2421875 0.03984375 0.0234375
0 0.45078125 0.26640625 0.0609375 0.02890625
0 0.8578125 0.2703125 0.04765625 0.03125
1 0.45 0.296875 0.0234375 0.04140625
1 0.3296875 0.3296875 0.0234375 0.040625
1 0.30625 0.3875 0.03671875 0.06015625
1 0.0421875 0.4359375 0.04765625 0.07734375
1 0.10859375 0.446875 0.0453125 0.071875
0 0.21328125 0.45859375 0.15234375 0.090625
2 0.784375 0.50546875 0.16171875 0.21875\n