1 0.05625 0.1140625 0.0484375 0.0921875
1 0.21328125 0.19609375 0.0734375 0.125
1 0.1015625 0.21171875 0.0640625 0.09453125
1 0.4 0.03125 0.059375 0.0625
1 0.40390625 0.328125 0.08828125 0.15078125
1 0.74296875 0.34609375 0.0921875 0.15859375
1 0.93359375 0.36171875 0.10078125 0.15859375
0 0.0921875 0.3625 0.18359375 0.20859375
1 0.6375 0.41640625 0.11796875 0.19296875
1 0.8484375 0.4703125 0.10859375 0.20859375
1 0.665625 0.0484375 0.05625 0.084375
0 0.4734375 0.6421875 0.35234375 0.27890625
0 0.2890625 0.07890625 0.15546875 0.11640625
1 0.15859375 0.08125 0.05625 0.08125
1 0.8421875 0.825 0.14609375 0.28203125
1 0.70078125 0.88984375 0.1515625 0.2203125
0 0.53203125 0.09453125 0.15234375 0.121875\n