3 0.96875 0.409375 0.0609375 0.0859375
1 0.16796875 0.4625 0.06640625 0.040625
1 0.9875 0.46640625 0.021875 0.04453125
1 0.9265625 0.47265625 0.0515625 0.05
1 0.66015625 0.48359375 0.06640625 0.06953125
1 0.73125 0.50390625 0.06796875 0.078125
1 0.8453125 0.53125 0.06640625 0.06171875
1 0.7828125 0.58984375 0.0859375 0.0796875
0 0.43359375 0.6375 0.340625 0.17265625
1 0.6890625 0.68359375 0.10546875 0.115625
1 0.4625 0.73125 0.15859375 0.1375
1 0.86796875 0.80859375 0.12578125 0.1578125
1 0.08515625 0.86875 0.1703125 0.1515625\n