1 0.5765625 0.29765625 0.028125 0.04765625
0 0.31015625 0.32421875 0.1078125 0.059375
1 0.42265625 0.3390625 0.034375 0.0671875
1 0.65546875 0.3375 0.028125 0.05546875
1 0.78125 0.3484375 0.0296875 0.06796875
1 0.85625 0.3515625 0.0328125 0.0625
1 0.471875 0.3546875 0.0390625 0.0734375
0 0.6828125 0.45234375 0.11875 0.1375
1 0.35078125 0.4484375 0.03828125 0.0859375
1 0.5171875 0.5375 0.04921875 0.13203125
1 0.8859375 0.54140625 0.04453125 0.128125
1 0.60078125 0.91484375 0.07421875 0.16640625\n