0 0.578125 0.17421875 0.04140625 0.04921875
1 0.5765625 0.203125 0.0234375 0.05
0 0.65546875 0.22734375 0.0515625 0.059375
1 0.39921875 0.23671875 0.03671875 0.06171875
0 0.53203125 0.2703125 0.0796875 0.06484375
1 0.265625 0.30625 0.0484375 0.08359375
1 0.671875 0.3125 0.03671875 0.0796875
1 0.271875 0.42265625 0.04921875 0.10703125
0 0.365625 0.49140625 0.15234375 0.15078125
1 0.61328125 0.496875 0.06328125 0.115625
1 0.521875 0.5953125 0.0578125 0.15625
1 0.20234375 0.65703125 0.075 0.165625
1 0.60078125 0.67265625 0.078125 0.17421875
2 0.075 0.790625 0.146875 0.41484375
0 0.590625 0.1171875 0.028125 0.021875
0 0.53359375 0.13359375 0.0296875 0.03125\n