1 0.54140625 0.13984375 0.04609375 0.059375
0 0.76328125 0.17890625 0.15234375 0.09921875
1 0.02109375 0.20234375 0.040625 0.10390625
1 0.5265625 0.21640625 0.0578125 0.084375
1 0.73515625 0.26640625 0.06640625 0.084375
0 0.1390625 0.325 0.23125 0.18828125
1 0.434375 0.31328125 0.08984375 0.12578125
0 0.31640625 0.03359375 0.0859375 0.065625
0 0.5578125 0.4578125 0.27421875 0.240625
1 0.91796875 0.48046875 0.09765625 0.1203125
1 0.15546875 0.47578125 0.08359375 0.1796875
1 0.1296875 0.08359375 0.034375 0.0421875
1 0.4578125 0.08515625 0.03671875 0.06796875
1 0.56796875 0.809375 0.1578125 0.28203125
0 0.68359375 0.09765625 0.13359375 0.10078125
0 0.25390625 0.115625 0.1453125 0.103125
1 0.5921875 0.28125 0.07265625 0.07421875\n