0 0.75078125 0.296875 0.025 0.01640625
0 0.659375 0.30546875 0.0265625 0.01953125
2 0.7984375 0.32109375 0.03828125 0.03828125
0 0.72421875 0.33828125 0.03984375 0.0359375
0 0.703125 0.3609375 0.04765625 0.0296875
0 0.84453125 0.36875 0.0546875 0.03828125
0 0.79453125 0.43125 0.0828125 0.05703125
1 0.015625 0.51328125 0.03125 0.0671875
0 0.190625 0.60390625 0.165625 0.09453125
0 0.36484375 0.65703125 0.2015625 0.14375
0 0.6296875 0.6671875 0.15703125 0.11875
1 0.13125 0.49375 0.04765625 0.0609375\n