1 0.7328125 0.21796875 0.0328125 0.06953125
1 0.65546875 0.24296875 0.03671875 0.07421875
1 0.46171875 0.23203125 0.0296875 0.0734375
1 0.5890625 0.23515625 0.03828125 0.07890625
1 0.325 0.253125 0.03671875 0.07421875
1 0.3921875 0.3171875 0.04296875 0.09921875
0 0.6140625 0.3625 0.1203125 0.1390625
1 0.20546875 0.35625 0.0515625 0.12265625
1 0.73203125 0.42890625 0.04765625 0.12578125
1 0.853125 0.440625 0.0515625 0.14453125
1 0.43828125 0.51484375 0.0609375 0.17265625
0 0.66640625 0.0671875 0.04453125 0.04609375
1 0.68515625 0.64921875 0.06484375 0.19921875
0 0.746875 0.071875 0.04765625 0.053125
1 0.39140625 0.72578125 0.08125 0.22421875
0 0.10859375 0.83125 0.21640625 0.33359375
1 0.76484375 0.15390625 0.0265625 0.053125\n