0 0.6171875 0.128125 0.0328125 0.025
2 0.2171875 0.14765625 0.06796875 0.05
1 0.4546875 0.1515625 0.0171875 0.028125
0 0.665625 0.1609375 0.04140625 0.03125
0 0.59765625 0.18203125 0.04921875 0.040625
1 0.28046875 0.20546875 0.02890625 0.04609375
1 0.478125 0.2203125 0.025 0.05
1 0.21015625 0.23125 0.02578125 0.04765625
1 0.25390625 0.2609375 0.03515625 0.05390625
1 0.078125 0.32734375 0.04375 0.07109375
0 0.79375 0.38828125 0.15390625 0.125
1 0.0765625 0.575 0.06953125 0.1296875
1 0.80625 0.6828125 0.084375 0.16171875
0 0.5578125 0.09765625 0.0234375 0.02265625\n