0 0.31953125 0.1953125 0.0328125 0.03125
0 0.41875 0.196875 0.0328125 0.03984375
0 0.359375 0.21953125 0.04140625 0.04453125
0 0.44375 0.25546875 0.04609375 0.04609375
0 0.2734375 0.259375 0.0578125 0.059375
1 0.43671875 0.31484375 0.025 0.04140625
0 0.290625 0.3546875 0.09921875 0.10390625
1 0.16328125 0.35390625 0.03125 0.071875
2 0.51015625 0.3859375 0.1140625 0.15546875
1 0.396875 0.41015625 0.04140625 0.07578125
1 0.29921875 0.51796875 0.04296875 0.11640625
0 0.05703125 0.68359375 0.1109375 0.29453125
1 0.37578125 0.68125 0.06328125 0.16796875
1 0.6875 0.865625 0.09453125 0.234375
1 0.45859375 0.878125 0.06796875 0.23046875\n