0 0.57109375 0.140625 0.0609375 0.0421875
1 0.4875 0.1421875 0.021875 0.0375
0 0.603125 0.1921875 0.1078125 0.0796875
1 0.35 0.24453125 0.03828125 0.06640625
0 0.5265625 0.2578125 0.1484375 0.11875
1 0.1953125 0.284375 0.053125 0.0734375
1 0.521875 0.39296875 0.0703125 0.1109375
1 0.2390625 0.39296875 0.0609375 0.10234375
1 0.41796875 0.39609375 0.0546875 0.10078125
1 0.54375 0.484375 0.06015625 0.12421875
0 0.67578125 0.77265625 0.340625 0.44921875
0 0.18828125 0.78984375 0.3765625 0.4078125
1 0.3859375 0.8421875 0.11484375 0.2265625\n