3 0.6921875 0.39609375 0.04140625 0.03984375
0 0.39140625 0.5796875 0.1078125 0.05859375
0 0.86953125 0.61171875 0.1171875 0.07421875
1 0.97109375 0.63671875 0.04140625 0.08203125
3 0.46796875 0.6671875 0.2296875 0.19765625
1 0.68671875 0.66171875 0.053125 0.078125
1 0.26640625 0.71171875 0.0609375 0.0875
1 0.1359375 0.7171875 0.06015625 0.09453125
1 0.8125 0.72109375 0.0578125 0.0921875
1 0.70859375 0.7734375 0.0640625 0.11953125
0 0.91640625 0.8234375 0.16328125 0.1609375
0 0.3015625 0.834375 0.20625 0.134375
0 0.4046875 0.89921875 0.2609375 0.1984375
1 0.9640625 0.909375 0.07109375 0.159375
1 0.92578125 0.93203125 0.08515625 0.134375\n