0 0.3578125 0.17265625 0.0828125 0.10078125
0 0.61953125 0.19140625 0.06484375 0.06484375
1 0.27421875 0.2390625 0.03046875 0.06953125
1 0.534375 0.26875 0.03359375 0.07734375
1 0.50390625 0.33125 0.03671875 0.10390625
1 0.5765625 0.33828125 0.04375 0.09296875
0 0.70546875 0.38203125 0.13046875 0.140625
1 0.20703125 0.371875 0.04765625 0.10703125
0 0.40546875 0.4671875 0.15234375 0.18359375
0 0.1140625 0.57109375 0.228125 0.30234375
3 0.77109375 0.74453125 0.26484375 0.44296875
1 0.53984375 0.76328125 0.09921875 0.21171875
0 0.42890625 0.1375 0.053125 0.04921875\n