0 0.35546875 0.2515625 0.07734375 0.07109375
0 0.21796875 0.2515625 0.0578125 0.0421875
0 0.4671875 0.2546875 0.0796875 0.06171875
1 0.7578125 0.36796875 0.04765625 0.0484375
1 0.3796875 0.39453125 0.04296875 0.0890625
1 0.11875 0.390625 0.0453125 0.08125
0 0.21953125 0.4203125 0.140625 0.10078125
1 0.57109375 0.44375 0.06015625 0.10234375
1 0.33125 0.4453125 0.05859375 0.0984375
1 0.0453125 0.446875 0.05234375 0.10546875
1 0.45078125 0.46875 0.0609375 0.11015625
0 0.82421875 0.528125 0.19375 0.14140625
1 0.6265625 0.51015625 0.07109375 0.1234375
1 0.13046875 0.5390625 0.06484375 0.12265625
1 0.35390625 0.57890625 0.0859375 0.1453125
1 0.25859375 0.6453125 0.078125 0.1765625
0 0.084375 0.728125 0.1671875 0.3125
0 0.8234375 0.7390625 0.35078125 0.30390625
1 0.4359375 0.72578125 0.08984375 0.19375
1 0.315625 0.87109375 0.146875 0.2390625\n