1 0.27734375 0.125 0.05703125 0.09140625
0 0.1375 0.01875 0.11875 0.0359375
1 0.13515625 0.1515625 0.053125 0.103125
1 0.03359375 0.196875 0.0609375 0.1078125
1 0.596875 0.2125 0.04609375 0.1
0 0.82265625 0.26796875 0.18046875 0.17890625
0 0.103125 0.3109375 0.20625 0.18515625
3 0.3921875 0.390625 0.378125 0.5484375
1 0.18203125 0.38203125 0.0828125 0.15703125
1 0.69140625 0.51640625 0.07890625 0.159375
1 0.33046875 0.05390625 0.04375 0.0875
1 0.22265625 0.07109375 0.0390625 0.071875
0 0.921875 0.8546875 0.15390625 0.2875
0 0.41015625 0.09375 0.15546875 0.1515625
0 0.759375 0.10234375 0.1140625 0.1015625
1 0.55546875 0.1015625 0.03984375 0.07578125\n