0 0.76796875 0.1265625 0.12578125 0.11328125
1 0.5375 0.13671875 0.04765625 0.08203125
0 0.1296875 0.015625 0.1140625 0.02890625
1 0.5375 0.15625 0.04140625 0.05546875
1 0.21953125 0.1734375 0.06796875 0.0953125
1 0.65859375 0.1578125 0.053125 0.11015625
1 0.06640625 0.20625 0.07109375 0.1140625
1 0.596875 0.27578125 0.04765625 0.109375
1 0.51796875 0.03046875 0.0328125 0.05703125
0 0.83671875 0.3234375 0.20625 0.203125
0 0.053125 0.4234375 0.10234375 0.22421875
1 0.12890625 0.48203125 0.10234375 0.16875
3 0.33515625 0.5265625 0.47578125 0.68359375
1 0.7015625 0.7953125 0.13515625 0.2171875
1 0.28671875 0.0765625 0.04921875 0.0921875
0 0.37578125 0.11328125 0.165625 0.15859375\n