0 0.82890625 0.215625 0.0265625 0.01328125
0 0.81640625 0.24921875 0.0328125 0.01953125
1 0.6765625 0.28359375 0.02421875 0.03046875
1 0.546875 0.2921875 0.0171875 0.03203125
0 0.39375 0.31953125 0.10078125 0.03984375
1 0.44609375 0.3515625 0.0234375 0.04375
1 0.2203125 0.39765625 0.0296875 0.05859375
0 0.92734375 0.43125 0.12734375 0.11640625
1 0.30078125 0.4203125 0.04296875 0.0671875
1 0.69296875 0.46640625 0.05078125 0.07265625
0 0.2234375 0.53203125 0.1421875 0.09296875
1 0.571875 0.6734375 0.0640625 0.13203125\n