0 0.253125 0.24375 0.0546875 0.06640625
2 0.36875 0.31171875 0.1953125 0.2265625
2 0.16015625 0.31328125 0.1203125 0.15859375
1 0.06796875 0.42421875 0.0515625 0.10703125
1 0.1609375 0.44375 0.05703125 0.1171875
1 0.309375 0.44765625 0.06796875 0.13671875
1 0.02578125 0.47578125 0.04921875 0.12734375
0 0.62421875 0.5578125 0.36171875 0.396875
1 0.103125 0.5890625 0.08359375 0.15546875
1 0.246875 0.58984375 0.07578125 0.165625
1 0.3921875 0.68359375 0.08046875 0.1640625
1 0.121875 0.803125 0.08515625 0.1953125
1 0.5484375 0.8234375 0.12578125 0.23125
1 0.2671875 0.83671875 0.09140625 0.22734375
1 0.44140625 0.8859375 0.12265625 0.228125
0 0.1109375 0.1078125 0.03125 0.03125
0 0.040625 0.11328125 0.04765625 0.03984375\n